0.311301 0.419063 0.121269 0 0 0 0 0 0
0.309501 0.416833 0.121244 0 0 0 0 0 0
0.308359 0.41391 0.121965 0 0 0 0 0 0
0.305813 0.408444 0.122849 0 0 0 0 0 0
0.304954 0.406289 0.123583 0 0 0 0 0 0
0.301023 0.396551 0.124439 0 0 0 0 0 0
0.295073 0.388341 0.124866 0 0 0 0 0 0
0.29209 0.384209 0.124798 0 0 0 0 0 0
0.290231 0.381607 0.125073 0 0 0 0 0 0
0.28626 0.376232 0.124613 0 0 0 0 0 0
0.284709 0.374126 0.124494 0 0 0 0 0 0
0.284014 0.373185 0.124395 0 0 0 0 0 0
0.278087 0.364572 0.12549 0 0 0 0 0 0
