0.397738 -0.394628 0.0977402 0 0 0 0 0 0
0.397721 -0.389542 0.0977402 0 0 0 0 0 0
0.397672 -0.375599 0.0977402 0 0 0 0 0 0
0.3976 -0.354766 0.0977402 0 0 0 0 0 0
0.39751 -0.329012 0.0977402 0 0 0 0 0 0
0.39741 -0.300305 0.0977402 0 0 0 0 0 0
0.397307 -0.270614 0.0977402 0 0 0 0 0 0
0.397207 -0.241908 0.0977402 0 0 0 0 0 0
0.397118 -0.216154 0.0977402 0 0 0 0 0 0
0.397045 -0.195321 0.0977402 0 0 0 0 0 0
0.396979 -0.176238 0.0977402 0 0 0 0 0 0
0.396905 -0.154858 0.0977402 0 0 0 0 0 0
0.396824 -0.131838 0.0977402 0 0 0 0 0 0
0.396741 -0.107834 0.0977402 0 0 0 0 0 0
0.396656 -0.0835011 0.0977402 0 0 0 0 0 0
0.396573 -0.0594968 0.0977402 0 0 0 0 0 0
0.396493 -0.0364767 0.0977402 0 0 0 0 0 0
0.396418 -0.015097 0.0977402 0 0 0 0 0 0
0.396352 0.00398614 0.0977402 0 0 0 0 0 0
0.396287 0.0228035 0.0977402 0 0 0 0 0 0
0.396215 0.0435188 0.0977402 0 0 0 0 0 0
0.396138 0.0656751 0.0977402 0 0 0 0 0 0
0.396057 0.0888157 0.0977402 0 0 0 0 0 0
0.395975 0.112484 0.0977402 0 0 0 0 0 0
0.395892 0.136222 0.0977402 0 0 0 0 0 0
0.395811 0.159574 0.0977402 0 0 0 0 0 0
0.395733 0.182084 0.0977402 0 0 0 0 0 0
0.395659 0.203293 0.0977402 0 0 0 0 0 0
0.395195 0.221273 0.0977402 0 0 0 0 0 0
0.39411 0.244079 0.0977402 0 0 0 0 0 0
0.392714 0.270091 0.0977402 0 0 0 0 0 0
0.391312 0.297684 0.0977402 0 0 0 0 0 0
0.390211 0.325237 0.0977402 0 0 0 0 0 0
0.389719 0.351128 0.0977402 0 0 0 0 0 0
0.390143 0.373734 0.0977402 0 0 0 0 0 0
0.391789 0.391432 0.0977402 0 0 0 0 0 0
0.394966 0.4026 0.0977402 0 0 0 0 0 0
0.411131 0.416307 0.0977402 0 0 0 0 0 0
0.435917 0.421962 0.0977402 0 0 0 0 0 0
0.463418 0.420366 0.0977402 0 0 0 0 0 0
0.487727 0.412317 0.0977402 0 0 0 0 0 0
0.502938 0.398614 0.0977402 0 0 0 0 0 0
0.506772 0.386389 0.0977402 0 0 0 0 0 0
0.508848 0.368652 0.0977402 0 0 0 0 0 0
0.509516 0.346703 0.0977402 0 0 0 0 0 0
0.509129 0.32184 0.0977402 0 0 0 0 0 0
0.508036 0.295363 0.0977402 0 0 0 0 0 0
0.506589 0.268572 0.0977402 0 0 0 0 0 0
0.505139 0.242766 0.0977402 0 0 0 0 0 0
0.504036 0.219245 0.0977402 0 0 0 0 0 0
0.503631 0.199307 0.0977402 0 0 0 0 0 0
0.503736 0.180221 0.0977402 0 0 0 0 0 0
0.503905 0.158841 0.0977402 0 0 0 0 0 0
0.504109 0.135821 0.0977402 0 0 0 0 0 0
0.504316 0.111819 0.0977402 0 0 0 0 0 0
0.504496 0.087488 0.0977402 0 0 0 0 0 0
0.504617 0.0634852 0.0977402 0 0 0 0 0 0
0.50465 0.0404658 0.0977402 0 0 0 0 0 0
0.504563 0.0190855 0.0977402 0 0 0 0 0 0
0.504325 -1.19209e-07 0.0977402 0 0 0 0 0 0
0.503832 -0.0188147 0.0977402 0 0 0 0 0 0
0.503056 -0.0395285 0.0977402 0 0 0 0 0 0
0.502075 -0.0616844 0.0977402 0 0 0 0 0 0
0.500969 -0.0848254 0.0977402 0 0 0 0 0 0
0.499817 -0.108494 0.0977402 0 0 0 0 0 0
0.4987 -0.132234 0.0977402 0 0 0 0 0 0
0.497697 -0.155587 0.0977402 0 0 0 0 0 0
0.496888 -0.178097 0.0977402 0 0 0 0 0 0
0.496352 -0.199307 0.0977402 0 0 0 0 0 0
0.495755 -0.217257 0.0977402 0 0 0 0 0 0
0.494692 -0.239989 0.0977402 0 0 0 0 0 0
0.493435 -0.265904 0.0977402 0 0 0 0 0 0
0.492257 -0.293401 0.0977402 0 0 0 0 0 0
0.491428 -0.32088 0.0977402 0 0 0 0 0 0
0.491221 -0.346741 0.0977402 0 0 0 0 0 0
0.491907 -0.369384 0.0977402 0 0 0 0 0 0
0.493758 -0.387208 0.0977402 0 0 0 0 0 0
0.497045 -0.398614 0.0977402 0 0 0 0 0 0
0.51331 -0.413518 0.0977402 0 0 0 0 0 0
0.538142 -0.421006 0.0977402 0 0 0 0 0 0
0.565639 -0.42144 0.0977402 0 0 0 0 0 0
0.589898 -0.415183 0.0977402 0 0 0 0 0 0
0.605018 -0.4026 0.0977402 0 0 0 0 0 0
0.608767 -0.390656 0.0977402 0 0 0 0 0 0
0.61072 -0.373069 0.0977402 0 0 0 0 0 0
0.611236 -0.351164 0.0977402 0 0 0 0 0 0
0.610676 -0.326267 0.0977402 0 0 0 0 0 0
0.609399 -0.299704 0.0977402 0 0 0 0 0 0
0.607765 -0.2728 0.0977402 0 0 0 0 0 0
0.606135 -0.246879 0.0977402 0 0 0 0 0 0
0.604868 -0.223269 0.0977402 0 0 0 0 0 0
0.604325 -0.203293 0.0977402 0 0 0 0 0 0
0.604258 -0.18421 0.0977402 0 0 0 0 0 0
0.604184 -0.16283 0.0977402 0 0 0 0 0 0
0.604104 -0.13981 0.0977402 0 0 0 0 0 0
0.60402 -0.115806 0.0977402 0 0 0 0 0 0
0.603936 -0.0914736 0.0977402 0 0 0 0 0 0
0.603852 -0.0674693 0.0977402 0 0 0 0 0 0
0.603772 -0.0444492 0.0977402 0 0 0 0 0 0
0.603698 -0.0230695 0.0977402 0 0 0 0 0 0
0.603631 -0.00398632 0.0977402 0 0 0 0 0 0
0.603563 0.0157655 0.0977402 0 0 0 0 0 0
0.603483 0.0388169 0.0977402 0 0 0 0 0 0
0.603395 0.0640102 0.0977402 0 0 0 0 0 0
0.603304 0.0901877 0.0977402 0 0 0 0 0 0
0.603214 0.116192 0.0977402 0 0 0 0 0 0
0.603128 0.140865 0.0977402 0 0 0 0 0 0
0.603051 0.163049 0.0977402 0 0 0 0 0 0
0.602986 0.181587 0.0977402 0 0 0 0 0 0
0.602938 0.195321 0.0977402 0 0 0 0 0 0
0.602847 0.221503 0.0977402 0 0 0 0 0 0
0.602748 0.250099 0.0977402 0 0 0 0 0 0
0.602645 0.279641 0.0977402 0 0 0 0 0 0
0.602544 0.308664 0.0977402 0 0 0 0 0 0
0.60245 0.335699 0.0977402 0 0 0 0 0 0
0.602368 0.35928 0.0977402 0 0 0 0 0 0
0.602303 0.377939 0.0977402 0 0 0 0 0 0
0.602261 0.390211 0.0977402 0 0 0 0 0 0
