0.538112 0.189911 0.109470
0.538112 0.189911 0.109470
0.538112 0.189911 0.109470
0.538112 0.189911 0.109470
0.538112 0.189911 0.109470
0.538112 0.189911 0.109470
0.538112 0.189911 0.109470
0.538112 0.189911 0.109470
0.538112 0.189911 0.109470
0.538112 0.189911 0.109470
0.538112 0.189911 0.109470
0.538112 0.189911 0.109470
0.538112 0.189911 0.109470
0.538112 0.189911 0.109470
0.538112 0.189911 0.109470
0.538112 0.189911 0.109470
0.538112 0.189911 0.109470
0.538112 0.189911 0.109470
0.538112 0.189911 0.109470
0.538112 0.189911 0.109470
0.538112 0.189911 0.109470
0.538112 0.189911 0.109470
0.538112 0.189911 0.109470
0.538112 0.189911 0.109470
0.538112 0.189911 0.109470
0.538112 0.189911 0.109470
0.538112 0.189911 0.109470
0.538112 0.189911 0.109470
0.538112 0.189911 0.109470
0.538112 0.189911 0.109470
0.538112 0.189911 0.109470
0.538112 0.189911 0.109470
0.538112 0.189911 0.109470
0.538112 0.189911 0.109470
0.538112 0.189911 0.109470
0.538112 0.189911 0.109470
0.538112 0.189911 0.109470
0.538112 0.189911 0.109470
0.538112 0.189911 0.109470
0.538112 0.189911 0.109470
0.538112 0.189911 0.109470
0.538112 0.189911 0.109470
0.538112 0.189911 0.109470
0.538112 0.189911 0.109470
0.538112 0.189911 0.109470
0.538112 0.189911 0.109470
0.538112 0.189911 0.109470
0.538112 0.189911 0.109470
0.538112 0.189911 0.109470
0.538112 0.189911 0.109470
0.538112 0.189911 0.109470
0.538112 0.189911 0.109470
0.538112 0.189911 0.109470
0.538112 0.189911 0.109470
0.538112 0.189911 0.109470
0.538112 0.189911 0.109470
0.538112 0.189911 0.109470
0.538112 0.189911 0.109470
0.538112 0.189911 0.109470
0.538112 0.189911 0.109470
0.538112 0.189911 0.109470
0.538112 0.189911 0.109470
0.538112 0.189911 0.109470
0.538112 0.189911 0.109470
0.538112 0.189911 0.109470
0.538112 0.189911 0.109470
0.538112 0.189911 0.109470
0.538112 0.189911 0.109470
0.538112 0.189911 0.109470
0.538112 0.189911 0.109470
0.538112 0.189911 0.109470
0.538112 0.189911 0.109470
0.538112 0.189911 0.109470
0.538112 0.189911 0.109470
0.538112 0.189911 0.109470
0.538112 0.189911 0.109470
0.538112 0.189911 0.109470
0.538112 0.189911 0.109470
0.538112 0.189911 0.109470
0.538112 0.189911 0.109470
0.541245 0.187658 0.108749
0.541245 0.187658 0.108749
0.541245 0.187658 0.108749
0.541245 0.187658 0.108749
0.541245 0.187658 0.108749
0.541245 0.187658 0.108749
0.541245 0.187658 0.108749
0.541245 0.187658 0.108749
0.541245 0.187658 0.108749
0.541245 0.187658 0.108749
0.542400 0.194090 0.108125
0.542400 0.194090 0.108125
0.542400 0.194090 0.108125
0.542400 0.194090 0.108125
0.542400 0.194090 0.108125
0.542400 0.194090 0.108125
0.542400 0.194090 0.108125
0.542400 0.194090 0.108125
0.542400 0.194090 0.108125
0.542400 0.194090 0.108125
0.542400 0.194090 0.108125
0.542400 0.194090 0.108125
0.542400 0.194090 0.108125
0.542400 0.194090 0.108125
0.543320 0.194858 0.107838
0.543320 0.194858 0.107838
0.543320 0.194858 0.107838
0.543320 0.194858 0.107838
0.543320 0.194858 0.107838
0.543320 0.194858 0.107838
0.545821 0.196465 0.107089
0.545821 0.196465 0.107089
0.545821 0.196465 0.107089
0.545821 0.196465 0.107089
0.545821 0.196465 0.107089
0.545821 0.196465 0.107089
0.545821 0.196465 0.107089
0.548846 0.197756 0.106230
0.548846 0.197756 0.106230
0.548846 0.197756 0.106230
0.548846 0.197756 0.106230
0.548846 0.197756 0.106230
0.548846 0.197756 0.106230
0.548846 0.197756 0.106230
0.548846 0.197756 0.106230
0.548846 0.197756 0.106230
0.548846 0.197756 0.106230
0.550031 0.200646 0.105779
0.550031 0.200646 0.105779
0.550031 0.200646 0.105779
0.550031 0.200646 0.105779
0.550031 0.200646 0.105779
0.550031 0.200646 0.105779
0.550031 0.200646 0.105779
0.550031 0.200646 0.105779
0.550031 0.200646 0.105779
0.550031 0.200646 0.105779
0.550031 0.200646 0.105779
0.550031 0.200646 0.105779
0.550031 0.200646 0.105779
0.550031 0.200646 0.105779
0.550031 0.200646 0.105779
0.550031 0.200646 0.105779
0.550031 0.200646 0.105779
0.550031 0.200646 0.105779
0.550031 0.200646 0.105779
0.550031 0.200646 0.105779
0.550031 0.200646 0.105779
0.550031 0.200646 0.105779
0.550031 0.200646 0.105779
0.551385 0.202634 0.105324
0.551385 0.202634 0.105324
0.551385 0.202634 0.105324
0.551385 0.202634 0.105324
0.551385 0.202634 0.105324
0.551385 0.202634 0.105324
0.551385 0.202634 0.105324
0.551385 0.202634 0.105324
0.551385 0.202634 0.105324
0.551385 0.202634 0.105324
0.551385 0.202634 0.105324
0.551385 0.202634 0.105324
0.551385 0.202634 0.105324
0.554185 0.204526 0.104463
0.554185 0.204526 0.104463
0.554185 0.204526 0.104463
0.554185 0.204526 0.104463
0.554185 0.204526 0.104463
0.554185 0.204526 0.104463
0.554185 0.204526 0.104463
0.554185 0.204526 0.104463
0.554185 0.204526 0.104463
0.554185 0.204526 0.104463
0.554185 0.204526 0.104463
0.554185 0.204526 0.104463
0.554185 0.204526 0.104463
0.554185 0.204526 0.104463
0.554185 0.204526 0.104463
0.554185 0.204526 0.104463
0.554185 0.204526 0.104463
0.554185 0.204526 0.104463
0.554185 0.204526 0.104463
0.554185 0.204526 0.104463
0.556767 0.207644 0.103574
0.556767 0.207644 0.103574
0.556767 0.207644 0.103574
0.556767 0.207644 0.103574
0.556767 0.207644 0.103574
0.556767 0.207644 0.103574
0.556767 0.207644 0.103574
0.558799 0.208036 0.103038
0.558799 0.208036 0.103038
0.558799 0.208036 0.103038
0.558799 0.208036 0.103038
0.558799 0.208036 0.103038
0.558799 0.208036 0.103038
0.558799 0.208036 0.103038
0.559220 0.209499 0.102840
0.559220 0.209499 0.102840
0.559220 0.209499 0.102840
0.560886 0.209360 0.102496
0.560886 0.209360 0.102496
0.560886 0.209360 0.102496
0.560886 0.209360 0.102496
0.560886 0.209360 0.102496
0.560886 0.209360 0.102496
0.560886 0.209360 0.102496
0.560886 0.209360 0.102496
0.560886 0.209360 0.102496
0.560886 0.209360 0.102496
0.560699 0.214261 0.102173
0.560699 0.214261 0.102173
0.560699 0.214261 0.102173
0.560699 0.214261 0.102173
0.560699 0.214261 0.102173
0.560699 0.214261 0.102173
0.560699 0.214261 0.102173
0.560699 0.214261 0.102173
0.560699 0.214261 0.102173
0.560699 0.214261 0.102173
0.562679 0.216462 0.101562
0.562679 0.216462 0.101562
0.562679 0.216462 0.101562
0.562679 0.216462 0.101562
0.567159 0.215804 0.100637
0.567159 0.215804 0.100637
0.567159 0.215804 0.100637
0.567159 0.215804 0.100637
0.567159 0.215804 0.100637
0.567159 0.215804 0.100637
0.567159 0.215804 0.100637
0.567159 0.215804 0.100637
0.567159 0.215804 0.100637
0.567159 0.215804 0.100637
0.567159 0.215804 0.100637
0.567159 0.215804 0.100637
0.567159 0.215804 0.100637
0.567669 0.215886 0.100520
0.567669 0.215886 0.100520
0.567669 0.215886 0.100520
0.567669 0.215886 0.100520
0.567669 0.215886 0.100520
0.567669 0.215886 0.100520
0.566299 0.219845 0.100484
0.566299 0.219845 0.100484
0.566299 0.219845 0.100484
0.566299 0.219845 0.100484
0.571343 0.218596 0.099489
0.571343 0.218596 0.099489
0.571343 0.218596 0.099489
0.571608 0.219668 0.099355
0.571608 0.219668 0.099355
0.571608 0.219668 0.099355
0.571608 0.219668 0.099355
0.571608 0.219668 0.099355
0.571608 0.219668 0.099355
0.571608 0.219668 0.099355
0.572304 0.221926 0.099005
0.572304 0.221926 0.099005
0.572304 0.221926 0.099005
0.572304 0.221926 0.099005
0.572304 0.221926 0.099005
0.572304 0.221926 0.099005
0.572304 0.221926 0.099005
0.572304 0.221926 0.099005
0.572304 0.221926 0.099005
0.572304 0.221926 0.099005
0.573640 0.223440 0.098590
0.573640 0.223440 0.098590
0.573640 0.223440 0.098590
0.573640 0.223440 0.098590
0.573640 0.223440 0.098590
0.573640 0.223440 0.098590
0.574836 0.224183 0.098275
0.574836 0.224183 0.098275
0.574836 0.224183 0.098275
0.574836 0.224183 0.098275
0.576479 0.225364 0.097823
0.576479 0.225364 0.097823
0.576479 0.225364 0.097823
0.576479 0.225364 0.097823
0.576479 0.225364 0.097823
0.576479 0.225364 0.097823
0.577492 0.227596 0.099652
0.577492 0.227596 0.099652
0.577492 0.227596 0.099652
0.577492 0.227596 0.099652
0.577492 0.227596 0.099652
0.577492 0.227596 0.099652
0.577492 0.227596 0.099652
0.577965 0.230023 0.099293
0.577965 0.230023 0.099293
0.577965 0.230023 0.099293
0.577965 0.230023 0.099293
0.577965 0.230023 0.099293
0.577965 0.230023 0.099293
0.577965 0.230023 0.099293
0.583114 0.229604 0.098272
0.583114 0.229604 0.098272
0.583114 0.229604 0.098272
0.583174 0.231150 0.098110
0.583174 0.231150 0.098110
0.583174 0.231150 0.098110
0.583174 0.231150 0.098110
0.583174 0.231150 0.098110
0.583174 0.231150 0.098110
0.583174 0.231150 0.098110
0.583174 0.231150 0.098110
0.583174 0.231150 0.098110
0.583174 0.231150 0.098110
0.584261 0.231141 0.097900
0.584261 0.231141 0.097900
0.584261 0.231141 0.097900
0.588075 0.234828 0.096766
0.588075 0.234828 0.096766
0.588075 0.234828 0.096766
0.588075 0.234828 0.096766
0.588075 0.234828 0.096766
0.588075 0.234828 0.096766
0.588075 0.234828 0.096766
0.588075 0.234828 0.096766
0.588075 0.234828 0.096766
0.588075 0.234828 0.096766
0.588264 0.238697 0.096296
0.588264 0.238697 0.096296
0.588264 0.238697 0.096296
0.588264 0.238697 0.096296
0.588264 0.238697 0.096296
0.588264 0.238697 0.096296
0.588264 0.238697 0.096296
0.588264 0.238697 0.096296
0.588264 0.238697 0.096296
0.588264 0.238697 0.096296
0.588264 0.238697 0.096296
0.591454 0.240155 0.095473
0.591454 0.240155 0.095473
0.591454 0.240155 0.095473
0.591454 0.240155 0.095473
0.591454 0.240155 0.095473
0.591454 0.240155 0.095473
0.591323 0.240776 0.095425
0.591323 0.240776 0.095425
0.591323 0.240776 0.095425
0.594646 0.239999 0.094856
0.594646 0.239999 0.094856
0.594646 0.239999 0.094856
0.594646 0.239999 0.094856
0.597134 0.241692 0.094154
0.597134 0.241692 0.094154
0.597134 0.241692 0.094154
0.597413 0.242800 0.093943
0.597413 0.242800 0.093943
0.597413 0.242800 0.093943
0.597776 0.245614 0.093484
0.597776 0.245614 0.093484
0.597776 0.245614 0.093484
0.597776 0.245614 0.093484
0.597776 0.245614 0.093484
0.597776 0.245614 0.093484
0.597776 0.245614 0.093484
0.597776 0.245614 0.093484
0.597776 0.245614 0.093484
0.597776 0.245614 0.093484
0.597776 0.245614 0.093484
0.597776 0.245614 0.093484
0.597776 0.245614 0.093484
0.597776 0.245614 0.093484
0.599461 0.246292 0.093051
0.599461 0.246292 0.093051
0.599461 0.246292 0.093051
0.599461 0.246292 0.093051
0.599461 0.246292 0.093051
0.599461 0.246292 0.093051
0.601778 0.247572 0.092391
0.601778 0.247572 0.092391
0.601778 0.247572 0.092391
0.601778 0.247572 0.092391
0.602560 0.249464 0.091948
0.602560 0.249464 0.091948
0.602560 0.249464 0.091948
0.602560 0.249464 0.091948
0.602560 0.249464 0.091948
0.602560 0.249464 0.091948
0.602560 0.249464 0.091948
0.602560 0.249464 0.091948
0.602560 0.249464 0.091948
0.602560 0.249464 0.091948
0.604428 0.252028 0.091180
0.604428 0.252028 0.091180
0.604428 0.252028 0.091180
0.604428 0.252028 0.091180
0.604428 0.252028 0.091180
0.604428 0.252028 0.091180
0.604428 0.252028 0.091180
0.604428 0.252028 0.091180
0.604428 0.252028 0.091180
0.604428 0.252028 0.091180
0.606434 0.254370 0.090378
0.606434 0.254370 0.090378
0.606434 0.254370 0.090378
0.606434 0.254370 0.090378
0.606434 0.254370 0.090378
0.606434 0.254370 0.090378
0.606434 0.254370 0.090378
0.606434 0.254370 0.090378
0.606434 0.254370 0.090378
0.606434 0.254370 0.090378
0.610171 0.254733 0.089513
0.610171 0.254733 0.089513
0.610171 0.254733 0.089513
0.610078 0.256638 0.089204
0.610078 0.256638 0.089204
0.610078 0.256638 0.089204
0.610078 0.256638 0.089204
0.610078 0.256638 0.089204
0.610078 0.256638 0.089204
0.610078 0.256638 0.089204
0.610078 0.256638 0.089204
0.610078 0.256638 0.089204
0.610078 0.256638 0.089204
0.611671 0.256628 0.088863
0.611671 0.256628 0.088863
0.611671 0.256628 0.088863
0.611671 0.256628 0.088863
0.611671 0.256628 0.088863
0.611671 0.256628 0.088863
0.611671 0.256628 0.088863
0.610924 0.259076 0.088602
0.610924 0.259076 0.088602
0.610924 0.259076 0.088602
0.614158 0.259747 0.087726
0.614158 0.259747 0.087726
0.614158 0.259747 0.087726
0.614158 0.259747 0.087726
0.614158 0.259747 0.087726
0.614158 0.259747 0.087726
0.614158 0.259747 0.087726
0.614158 0.259747 0.087726
0.614158 0.259747 0.087726
0.614158 0.259747 0.087726
0.614158 0.259747 0.087726
0.614158 0.259747 0.087726
0.614158 0.259747 0.087726
0.614158 0.259747 0.087726
0.614923 0.262134 0.087076
0.614923 0.262134 0.087076
0.614923 0.262134 0.087076
0.614923 0.262134 0.087076
0.614923 0.262134 0.087076
0.614923 0.262134 0.087076
0.614923 0.262134 0.087076
0.614923 0.262134 0.087076
0.614923 0.262134 0.087076
0.618040 0.262164 0.086338
0.618040 0.262164 0.086338
0.618040 0.262164 0.086338
0.618040 0.262164 0.086338
0.618040 0.262164 0.086338
0.618040 0.262164 0.086338
0.618040 0.262164 0.086338
0.618040 0.262164 0.086338
0.618040 0.262164 0.086338
0.618040 0.262164 0.086338
0.618040 0.262164 0.086338
0.619759 0.265870 0.085171
0.619759 0.265870 0.085171
0.619759 0.265870 0.085171
0.619759 0.265870 0.085171
0.619759 0.265870 0.085171
0.619759 0.265870 0.085171
0.619759 0.265870 0.085171
0.619759 0.265870 0.085171
0.619759 0.265870 0.085171
0.619759 0.265870 0.085171
0.619759 0.265870 0.085171
0.619759 0.265870 0.085171
0.619759 0.265870 0.085171
0.623060 0.269842 0.083574
0.623060 0.269842 0.083574
0.623060 0.269842 0.083574
0.623060 0.269842 0.083574
0.623060 0.269842 0.083574
0.623060 0.269842 0.083574
0.623060 0.269842 0.083574
0.623060 0.269842 0.083574
0.623060 0.269842 0.083574
0.623060 0.269842 0.083574
0.623060 0.269842 0.083574
0.623060 0.269842 0.083574
0.623060 0.269842 0.083574
0.623060 0.269842 0.083574
0.623060 0.269842 0.083574
0.623060 0.269842 0.083574
0.623060 0.269842 0.083574
0.623060 0.269842 0.083574
0.623060 0.269842 0.083574
0.623060 0.269842 0.083574
0.623060 0.269842 0.083574
0.623060 0.269842 0.083574
0.623060 0.269842 0.083574
0.623060 0.269842 0.083574
0.623060 0.269842 0.083574
0.623060 0.269842 0.083574
0.623060 0.269842 0.083574
0.623060 0.269842 0.083574
0.623060 0.269842 0.083574
0.623060 0.269842 0.083574
0.623060 0.269842 0.083574
0.623060 0.269842 0.083574
0.623060 0.269842 0.083574
0.623060 0.269842 0.083574
0.623060 0.269842 0.083574
0.623060 0.269842 0.083574
0.623060 0.269842 0.083574
0.623060 0.269842 0.083574
0.623060 0.269842 0.083574
0.623060 0.269842 0.083574
0.623060 0.269842 0.083574
0.623060 0.269842 0.083574
0.623060 0.269842 0.083574
0.625987 0.263918 0.084151
0.625987 0.263918 0.084151
0.625987 0.263918 0.084151
0.625987 0.263918 0.084151
0.625987 0.263918 0.084151
0.625987 0.263918 0.084151
0.625987 0.263918 0.084151
0.625987 0.263918 0.084151
0.625987 0.263918 0.084151
0.625987 0.263918 0.084151
0.625987 0.263918 0.084151
0.625987 0.263918 0.084151
0.625987 0.263918 0.084151
0.625987 0.263918 0.084151
0.626667 0.263261 0.084131
0.626667 0.263261 0.084131
0.626667 0.263261 0.084131
0.626667 0.263261 0.084131
0.626667 0.263261 0.084131
0.626667 0.263261 0.084131
0.626667 0.263261 0.084131
0.626667 0.263261 0.084131
0.626667 0.263261 0.084131
0.626667 0.263261 0.084131
0.628411 0.260149 0.084378
0.628411 0.260149 0.084378
0.628411 0.260149 0.084378
0.628411 0.260149 0.084378
0.628411 0.260149 0.084378
0.628411 0.260149 0.084378
0.633018 0.260502 0.083269
0.633018 0.260502 0.083269
0.633018 0.260502 0.083269
0.633018 0.260502 0.083269
0.633018 0.260502 0.083269
0.633018 0.260502 0.083269
0.633018 0.260502 0.083269
0.634384 0.258670 0.083345
0.634384 0.258670 0.083345
0.634384 0.258670 0.083345
0.633877 0.256535 0.083898
0.633877 0.256535 0.083898
0.633877 0.256535 0.083898
0.633877 0.256535 0.083898
0.633877 0.256535 0.083898
0.633877 0.256535 0.083898
0.633877 0.256535 0.083898
0.635249 0.256257 0.083647
0.635249 0.256257 0.083647
0.635249 0.256257 0.083647
0.635249 0.256257 0.083647
0.635249 0.256257 0.083647
0.635249 0.256257 0.083647
0.635249 0.256257 0.083647
0.637080 0.253294 0.083848
0.637080 0.253294 0.083848
0.637080 0.253294 0.083848
0.637080 0.253294 0.083848
0.637080 0.253294 0.083848
0.637080 0.253294 0.083848
0.639505 0.252712 0.083428
0.639505 0.252712 0.083428
0.639505 0.252712 0.083428
0.639752 0.251980 0.083520
0.639752 0.251980 0.083520
0.639752 0.251980 0.083520
0.639752 0.251980 0.083520
0.639752 0.251980 0.083520
0.639752 0.251980 0.083520
0.639752 0.251980 0.083520
0.639752 0.251980 0.083520
0.639752 0.251980 0.083520
0.639752 0.251980 0.083520
0.639752 0.251980 0.083520
0.643727 0.248863 0.083257
0.643727 0.248863 0.083257
0.643727 0.248863 0.083257
0.643727 0.248863 0.083257
0.643727 0.248863 0.083257
0.643727 0.248863 0.083257
0.643727 0.248863 0.083257
0.643727 0.248863 0.083257
0.643727 0.248863 0.083257
0.643727 0.248863 0.083257
0.643727 0.248863 0.083257
0.643727 0.248863 0.083257
0.643727 0.248863 0.083257
0.645458 0.247818 0.083095
0.645458 0.247818 0.083095
0.645458 0.247818 0.083095
0.646149 0.246123 0.083303
0.646149 0.246123 0.083303
0.646149 0.246123 0.083303
0.646149 0.246123 0.083303
0.646149 0.246123 0.083303
0.646149 0.246123 0.083303
0.646149 0.246123 0.083303
0.646149 0.246123 0.083303
0.646149 0.246123 0.083303
0.646149 0.246123 0.083303
0.646149 0.246123 0.083303
0.646149 0.246123 0.083303
0.646149 0.246123 0.083303
0.646149 0.246123 0.083303
0.650143 0.243016 0.083089
0.650143 0.243016 0.083089
0.650143 0.243016 0.083089
0.650143 0.243016 0.083089
0.650143 0.243016 0.083089
0.650143 0.243016 0.083089
0.650143 0.243016 0.083089
0.650143 0.243016 0.083089
0.650143 0.243016 0.083089
0.650143 0.243016 0.083089
0.650433 0.241061 0.083439
0.650433 0.241061 0.083439
0.650433 0.241061 0.083439
0.650433 0.241061 0.083439
0.650433 0.241061 0.083439
0.650433 0.241061 0.083439
0.650433 0.241061 0.083439
0.650433 0.241061 0.083439
0.650433 0.241061 0.083439
0.650433 0.241061 0.083439
0.650433 0.241061 0.083439
0.650433 0.241061 0.083439
0.650433 0.241061 0.083439
0.650433 0.241061 0.083439
0.650433 0.241061 0.083439
0.650433 0.241061 0.083439
0.650433 0.241061 0.083439
0.650433 0.241061 0.083439
0.650433 0.241061 0.083439
0.650433 0.241061 0.083439
0.650433 0.241061 0.083439
0.650433 0.241061 0.083439
0.650433 0.241061 0.083439
0.650433 0.241061 0.083439
0.650433 0.241061 0.083439
0.650433 0.241061 0.083439
0.650433 0.241061 0.083439
0.650433 0.241061 0.083439
0.650433 0.241061 0.083439
0.650433 0.241061 0.083439
0.650433 0.241061 0.083439
0.650433 0.241061 0.083439
0.650433 0.241061 0.083439
0.650433 0.241061 0.083439
0.650433 0.241061 0.083439
0.650433 0.241061 0.083439
0.650433 0.241061 0.083439
0.650433 0.241061 0.083439
0.650433 0.241061 0.083439
0.650433 0.241061 0.083439
0.650433 0.241061 0.083439
0.650433 0.241061 0.083439
0.650433 0.241061 0.083439
0.650433 0.241061 0.083439
0.650433 0.241061 0.083439
0.650433 0.241061 0.083439
0.650433 0.241061 0.083439
0.650433 0.241061 0.083439
0.650433 0.241061 0.083439
0.650433 0.241061 0.083439
0.650433 0.241061 0.083439
0.650433 0.241061 0.083439
0.650433 0.241061 0.083439
0.650433 0.241061 0.083439
0.650433 0.241061 0.083439
0.650433 0.241061 0.083439
0.650433 0.241061 0.083439
0.650433 0.241061 0.083439
0.650433 0.241061 0.083439
0.650433 0.241061 0.083439
0.650433 0.241061 0.083439
0.650433 0.241061 0.083439
0.650433 0.241061 0.083439
0.650433 0.241061 0.083439
0.650433 0.241061 0.083439
0.650433 0.241061 0.083439
0.650433 0.241061 0.083439
0.650433 0.241061 0.083439
0.650433 0.241061 0.083439
0.650236 0.236498 0.084452
0.650236 0.236498 0.084452
0.650236 0.236498 0.084452
0.650236 0.236498 0.084452
0.650236 0.236498 0.084452
0.650236 0.236498 0.084452
0.650236 0.236498 0.084452
0.650236 0.236498 0.084452
0.650236 0.236498 0.084452
0.650236 0.236498 0.084452
0.650236 0.236498 0.084452
0.650236 0.236498 0.084452
0.650236 0.236498 0.084452
0.650236 0.236498 0.084452
0.650236 0.236498 0.084452
0.650236 0.236498 0.084452
0.650236 0.236498 0.084452
0.650236 0.236498 0.084452
0.650236 0.236498 0.084452
0.650236 0.236498 0.084452
0.647912 0.233296 0.085595
0.647912 0.233296 0.085595
0.647912 0.233296 0.085595
0.647912 0.233296 0.085595
0.647912 0.233296 0.085595
0.647912 0.233296 0.085595
0.647912 0.233296 0.085595
0.647912 0.233296 0.085595
0.647912 0.233296 0.085595
0.647912 0.233296 0.085595
0.645132 0.229000 0.086906
0.645132 0.229000 0.086906
0.645132 0.229000 0.086906
0.645132 0.229000 0.086906
0.645132 0.229000 0.086906
0.645132 0.229000 0.086906
0.645132 0.229000 0.086906
0.644040 0.227479 0.087381
0.644040 0.227479 0.087381
0.644040 0.227479 0.087381
0.644040 0.227479 0.087381
0.644040 0.227479 0.087381
0.644040 0.227479 0.087381
0.644040 0.227479 0.087381
0.644040 0.227479 0.087381
0.644040 0.227479 0.087381
0.644040 0.227479 0.087381
0.639524 0.225383 0.088537
0.639524 0.225383 0.088537
0.639524 0.225383 0.088537
0.639524 0.225383 0.088537
0.639524 0.225383 0.088537
0.639524 0.225383 0.088537
0.639524 0.225383 0.088537
0.638171 0.223364 0.089094
0.638171 0.223364 0.089094
0.638171 0.223364 0.089094
0.638171 0.223364 0.089094
0.638171 0.223364 0.089094
0.638171 0.223364 0.089094
0.637646 0.220637 0.089561
0.637646 0.220637 0.089561
0.637646 0.220637 0.089561
0.637646 0.220637 0.089561
0.635080 0.221001 0.089939
0.635080 0.221001 0.089939
0.635080 0.221001 0.089939
0.635080 0.221001 0.089939
0.635080 0.221001 0.089939
0.635080 0.221001 0.089939
0.635080 0.221001 0.089939
0.635080 0.221001 0.089939
0.635080 0.221001 0.089939
0.635080 0.221001 0.089939
0.632365 0.217622 0.090831
0.632365 0.217622 0.090831
0.632365 0.217622 0.090831
0.632365 0.217622 0.090831
0.632365 0.217622 0.090831
0.632365 0.217622 0.090831
0.632365 0.217622 0.090831
0.632365 0.217622 0.090831
0.632365 0.217622 0.090831
0.632365 0.217622 0.090831
0.629666 0.214852 0.091601
0.629666 0.214852 0.091601
0.629666 0.214852 0.091601
0.629666 0.214852 0.091601
0.629666 0.214852 0.091601
0.629666 0.214852 0.091601
0.629666 0.214852 0.091601
0.629666 0.214852 0.091601
0.629666 0.214852 0.091601
0.629666 0.214852 0.091601
0.629666 0.214852 0.091601
0.629666 0.214852 0.091601
0.629666 0.214852 0.091601
0.629666 0.214852 0.091601
0.629666 0.214852 0.091601
0.629666 0.214852 0.091601
0.628610 0.210722 0.092144
0.628610 0.210722 0.092144
0.628610 0.210722 0.092144
0.628610 0.210722 0.092144
0.628610 0.210722 0.092144
0.628610 0.210722 0.092144
0.628610 0.210722 0.092144
0.621263 0.211041 0.093223
0.621263 0.211041 0.093223
0.621263 0.211041 0.093223
0.622506 0.207730 0.093334
0.622506 0.207730 0.093334
0.622506 0.207730 0.093334
0.622506 0.207730 0.093334
0.622506 0.207730 0.093334
0.622506 0.207730 0.093334
0.622506 0.207730 0.093334
0.622506 0.207730 0.093334
0.622506 0.207730 0.093334
0.622506 0.207730 0.093334
0.620345 0.207206 0.093704
0.620345 0.207206 0.093704
0.620345 0.207206 0.093704
0.620345 0.207206 0.093704
0.620345 0.207206 0.093704
0.620345 0.207206 0.093704
0.620345 0.207206 0.093704
0.620345 0.207206 0.093704
0.620345 0.207206 0.093704
0.620345 0.207206 0.093704
0.620345 0.207206 0.093704
0.617704 0.206754 0.094139
0.617704 0.206754 0.094139
0.617704 0.206754 0.094139
0.616464 0.203257 0.094641
0.616464 0.203257 0.094641
0.616464 0.203257 0.094641
0.616464 0.203257 0.094641
0.616464 0.203257 0.094641
0.616464 0.203257 0.094641
0.616464 0.203257 0.094641
0.615913 0.202169 0.094832
0.615913 0.202169 0.094832
0.615913 0.202169 0.094832
0.616193 0.201607 0.094841
0.616193 0.201607 0.094841
0.616193 0.201607 0.094841
0.616193 0.201607 0.094841
0.616193 0.201607 0.094841
0.616193 0.201607 0.094841
0.616193 0.201607 0.094841
0.616193 0.201607 0.094841
0.616193 0.201607 0.094841
0.616193 0.201607 0.094841
0.610793 0.197655 0.096013
0.610793 0.197655 0.096013
0.610793 0.197655 0.096013
0.610793 0.197655 0.096013
0.610793 0.197655 0.096013
0.610793 0.197655 0.096013
0.610793 0.197655 0.096013
0.610315 0.197351 0.096106
0.610315 0.197351 0.096106
0.610315 0.197351 0.096106
0.610315 0.197351 0.096106
0.610315 0.197351 0.096106
0.610315 0.197351 0.096106
0.607967 0.195182 0.096589
0.607967 0.195182 0.096589
0.607967 0.195182 0.096589
0.608229 0.193633 0.096613
0.608229 0.193633 0.096613
0.608229 0.193633 0.096613
0.608229 0.193633 0.096613
0.608229 0.193633 0.096613
0.608229 0.193633 0.096613
0.608229 0.193633 0.096613
0.608229 0.193633 0.096613
0.608229 0.193633 0.096613
0.608229 0.193633 0.096613
0.604227 0.191102 0.097369
0.604227 0.191102 0.097369
0.604227 0.191102 0.097369
0.604227 0.191102 0.097369
0.604227 0.191102 0.097369
0.604227 0.191102 0.097369
0.604227 0.191102 0.097369
0.604227 0.191102 0.097369
0.604227 0.191102 0.097369
0.604227 0.191102 0.097369
0.601363 0.188430 0.097960
0.601363 0.188430 0.097960
0.601363 0.188430 0.097960
0.601363 0.188430 0.097960
0.600764 0.187441 0.098109
0.600764 0.187441 0.098109
0.600764 0.187441 0.098109
0.600496 0.185270 0.098270
0.600496 0.185270 0.098270
0.600496 0.185270 0.098270
0.600496 0.185270 0.098270
0.600496 0.185270 0.098270
0.600496 0.185270 0.098270
0.600496 0.185270 0.098270
0.597841 0.181284 0.098853
0.597841 0.181284 0.098853
0.597841 0.181284 0.098853
0.597841 0.181284 0.098853
0.597841 0.181284 0.098853
0.597841 0.181284 0.098853
0.596032 0.179620 0.099226
0.596032 0.179620 0.099226
0.596032 0.179620 0.099226
0.596032 0.179620 0.099226
0.593931 0.179696 0.099591
0.593931 0.179696 0.099591
0.593931 0.179696 0.099591
0.593477 0.177398 0.099762
0.593477 0.177398 0.099762
0.593477 0.177398 0.099762
0.593477 0.177398 0.099762
0.593477 0.177398 0.099762
0.593477 0.177398 0.099762
0.593477 0.177398 0.099762
0.593314 0.176568 0.099819
0.593314 0.176568 0.099819
0.593314 0.176568 0.099819
0.588199 0.177172 0.098433
0.588199 0.177172 0.098433
0.588199 0.177172 0.098433
0.587183 0.173263 0.098759
0.587183 0.173263 0.098759
0.587183 0.173263 0.098759
0.587183 0.173263 0.098759
0.587183 0.173263 0.098759
0.587183 0.173263 0.098759
0.587183 0.173263 0.098759
0.587372 0.172663 0.098749
0.587372 0.172663 0.098749
0.587372 0.172663 0.098749
0.587372 0.172663 0.098749
0.587372 0.172663 0.098749
0.587372 0.172663 0.098749
0.587372 0.172663 0.098749
0.587049 0.170640 0.098881
0.587049 0.170640 0.098881
0.587049 0.170640 0.098881
0.587049 0.170640 0.098881
0.587049 0.170640 0.098881
0.587049 0.170640 0.098881
0.587049 0.170640 0.098881
0.587049 0.170640 0.098881
0.587049 0.170640 0.098881
0.587049 0.170640 0.098881
0.583244 0.167644 0.099651
0.583244 0.167644 0.099651
0.583244 0.167644 0.099651
0.583244 0.167644 0.099651
0.583244 0.167644 0.099651
0.583244 0.167644 0.099651
0.583244 0.167644 0.099651
0.583244 0.167644 0.099651
0.583244 0.167644 0.099651
0.583244 0.167644 0.099651
0.582324 0.166605 0.099858
0.582324 0.166605 0.099858
0.582324 0.166605 0.099858
0.582324 0.166605 0.099858
0.582324 0.166605 0.099858
0.582324 0.166605 0.099858
0.582324 0.166605 0.099858
0.581268 0.166139 0.100057
0.581268 0.166139 0.100057
0.581268 0.166139 0.100057
0.581268 0.166139 0.100057
0.581268 0.166139 0.100057
0.581268 0.166139 0.100057
0.581268 0.166139 0.100057
0.581268 0.166139 0.100057
0.581268 0.166139 0.100057
0.581268 0.166139 0.100057
0.581268 0.166139 0.100057
0.581268 0.166139 0.100057
0.581268 0.166139 0.100057
0.581268 0.166139 0.100057
0.581268 0.166139 0.100057
0.581268 0.166139 0.100057
0.581268 0.166139 0.100057
0.581268 0.166139 0.100057
0.581268 0.166139 0.100057
0.581268 0.166139 0.100057
0.581268 0.166139 0.100057
0.581268 0.166139 0.100057
0.581268 0.166139 0.100057
0.581268 0.166139 0.100057
0.581268 0.166139 0.100057
0.581268 0.166139 0.100057
0.581268 0.166139 0.100057
0.581268 0.166139 0.100057
0.581268 0.166139 0.100057
0.581268 0.166139 0.100057
0.581268 0.166139 0.100057
0.581268 0.166139 0.100057
0.581268 0.166139 0.100057
0.581268 0.166139 0.100057
0.581268 0.166139 0.100057
0.581268 0.166139 0.100057
0.581268 0.166139 0.100057
0.581268 0.166139 0.100057
0.581268 0.166139 0.100057
0.578562 0.162081 0.100603
0.578562 0.162081 0.100603
0.578562 0.162081 0.100603
0.578562 0.162081 0.100603
0.578562 0.162081 0.100603
0.578562 0.162081 0.100603
0.578562 0.162081 0.100603
0.578562 0.162081 0.100603
0.578562 0.162081 0.100603
0.578562 0.162081 0.100603
0.578562 0.162081 0.100603
0.578562 0.162081 0.100603
0.578562 0.162081 0.100603
0.578562 0.162081 0.100603
0.578562 0.162081 0.100603
0.578562 0.162081 0.100603
0.578562 0.162081 0.100603
0.578562 0.162081 0.100603
0.578562 0.162081 0.100603
0.578562 0.162081 0.100603
0.578562 0.162081 0.100603
0.578562 0.162081 0.100603
0.578562 0.162081 0.100603
0.578562 0.162081 0.100603
0.578562 0.162081 0.100603
0.578562 0.162081 0.100603
0.578562 0.162081 0.100603
0.578562 0.162081 0.100603
0.578562 0.162081 0.100603
0.578562 0.162081 0.100603
0.578562 0.162081 0.100603
0.578562 0.162081 0.100603
0.578562 0.162081 0.100603
0.578562 0.162081 0.100603
0.578895 0.159518 0.100591
0.578895 0.159518 0.100591
0.578895 0.159518 0.100591
0.578895 0.159518 0.100591
0.578895 0.159518 0.100591
0.578895 0.159518 0.100591
0.577270 0.158355 0.100935
0.577270 0.158355 0.100935
0.577270 0.158355 0.100935
0.577270 0.158355 0.100935
0.577270 0.158355 0.100935
0.577270 0.158355 0.100935
0.577270 0.158355 0.100935
0.577270 0.158355 0.100935
0.577270 0.158355 0.100935
0.577270 0.158355 0.100935
0.577270 0.158355 0.100935
0.577270 0.158355 0.100935
0.577270 0.158355 0.100935
0.577270 0.158355 0.100935
0.577270 0.158355 0.100935
0.577270 0.158355 0.100935
0.577270 0.158355 0.100935
0.577270 0.158355 0.100935
0.577270 0.158355 0.100935
0.577270 0.158355 0.100935
0.577270 0.158355 0.100935
0.577270 0.158355 0.100935
0.577270 0.158355 0.100935
0.577270 0.158355 0.100935
0.574007 0.157704 0.101608
0.574007 0.157704 0.101608
0.574007 0.157704 0.101608
0.574007 0.157704 0.101608
0.574007 0.157704 0.101608
0.574007 0.157704 0.101608
0.572807 0.155887 0.101889
0.572807 0.155887 0.101889
0.572807 0.155887 0.101889
0.572807 0.155887 0.101889
0.572807 0.155887 0.101889
0.572807 0.155887 0.101889
0.572807 0.155887 0.101889
0.572883 0.154319 0.101883
0.572883 0.154319 0.101883
0.572883 0.154319 0.101883
0.572883 0.154319 0.101883
0.572883 0.154319 0.101883
0.572883 0.154319 0.101883
0.572883 0.154319 0.101883
0.572883 0.154319 0.101883
0.572883 0.154319 0.101883
0.572883 0.154319 0.101883
0.570323 0.151266 0.102447
0.570323 0.151266 0.102447
0.570323 0.151266 0.102447
0.570323 0.151266 0.102447
0.570323 0.151266 0.102447
0.570323 0.151266 0.102447
0.570323 0.151266 0.102447
0.570323 0.151266 0.102447
0.570323 0.151266 0.102447
0.570323 0.151266 0.102447
0.570323 0.151266 0.102447
0.570323 0.151266 0.102447
0.570323 0.151266 0.102447
0.568214 0.145241 0.102896
0.568214 0.145241 0.102896
0.568214 0.145241 0.102896
0.568214 0.145241 0.102896
0.568214 0.145241 0.102896
0.568214 0.145241 0.102896
0.568214 0.145241 0.102896
0.568214 0.145241 0.102896
0.568214 0.145241 0.102896
0.568214 0.145241 0.102896
0.563360 0.145147 0.103984
0.563360 0.145147 0.103984
0.563360 0.145147 0.103984
0.563360 0.145147 0.103984
0.563360 0.145147 0.103984
0.563360 0.145147 0.103984
0.563360 0.145147 0.103984
0.561581 0.143080 0.104369
0.561581 0.143080 0.104369
0.561581 0.143080 0.104369
0.563792 0.138484 0.103775
0.563792 0.138484 0.103775
0.563792 0.138484 0.103775
0.563792 0.138484 0.103775
0.563792 0.138484 0.103775
0.563792 0.138484 0.103775
0.563792 0.138484 0.103775
0.561457 0.139008 0.104315
0.561457 0.139008 0.104315
0.561457 0.139008 0.104315
0.561457 0.139008 0.104315
0.561457 0.139008 0.104315
0.561457 0.139008 0.104315
0.561457 0.139008 0.104315
0.560288 0.137445 0.104547
0.560288 0.137445 0.104547
0.560288 0.137445 0.104547
0.560288 0.137445 0.104547
0.560288 0.137445 0.104547
0.560288 0.137445 0.104547
0.560288 0.137445 0.104547
0.560288 0.137445 0.104547
0.560288 0.137445 0.104547
0.560288 0.137445 0.104547
0.560288 0.137445 0.104547
0.560288 0.137445 0.104547
0.560288 0.137445 0.104547
0.555908 0.133858 0.105475
0.555908 0.133858 0.105475
0.555908 0.133858 0.105475
0.555908 0.133858 0.105475
0.555908 0.133858 0.105475
0.555908 0.133858 0.105475
0.555908 0.133858 0.105475
0.555908 0.133858 0.105475
0.555908 0.133858 0.105475
0.555908 0.133858 0.105475
0.555908 0.133858 0.105475
0.555908 0.133858 0.105475
0.555908 0.133858 0.105475
0.555908 0.133858 0.105475
0.555908 0.133858 0.105475
0.555908 0.133858 0.105475
0.555908 0.133858 0.105475
0.555908 0.133858 0.105475
0.555908 0.133858 0.105475
0.555908 0.133858 0.105475
0.555908 0.133858 0.105475
0.555908 0.133858 0.105475
0.555908 0.133858 0.105475
0.555908 0.133858 0.105475
0.555908 0.133858 0.105475
0.555908 0.133858 0.105475
0.555908 0.133858 0.105475
0.555908 0.133858 0.105475
0.555908 0.133858 0.105475
0.555908 0.133858 0.105475
0.555908 0.133858 0.105475
0.555908 0.133858 0.105475
0.555908 0.133858 0.105475
0.555908 0.133858 0.105475
0.555908 0.133858 0.105475
0.555908 0.133858 0.105475
0.555908 0.133858 0.105475
0.558545 0.130882 0.104823
0.558545 0.130882 0.104823
0.558545 0.130882 0.104823
0.558545 0.130882 0.104823
0.558545 0.130882 0.104823
0.558545 0.130882 0.104823
0.558545 0.130882 0.104823
0.558545 0.130882 0.104823
0.558545 0.130882 0.104823
0.558545 0.130882 0.104823
0.558545 0.130882 0.104823
0.558545 0.130882 0.104823
0.558545 0.130882 0.104823
0.558545 0.130882 0.104823
0.558545 0.130882 0.104823
0.558545 0.130882 0.104823
0.558545 0.130882 0.104823
0.558545 0.130882 0.104823
0.558545 0.130882 0.104823
0.558545 0.130882 0.104823
0.558814 0.130647 0.104757
0.558814 0.130647 0.104757
0.558814 0.130647 0.104757
0.559475 0.129985 0.104591
0.559475 0.129985 0.104591
0.559475 0.129985 0.104591
0.559475 0.129985 0.104591
0.559475 0.129985 0.104591
0.559475 0.129985 0.104591
0.559475 0.129985 0.104591
0.560791 0.127485 0.104215
0.560791 0.127485 0.104215
0.560791 0.127485 0.104215
0.562682 0.127216 0.103770
0.562682 0.127216 0.103770
0.562682 0.127216 0.103770
0.562682 0.127216 0.103770
0.562682 0.127216 0.103770
0.562682 0.127216 0.103770
0.562682 0.127216 0.103770
0.564760 0.124260 0.103214
0.564760 0.124260 0.103214
0.564760 0.124260 0.103214
0.564760 0.124260 0.103214
0.564760 0.124260 0.103214
0.564760 0.124260 0.103214
0.564760 0.124260 0.103214
0.567374 0.122308 0.102661
0.567374 0.122308 0.102661
0.567374 0.122308 0.102661
0.567374 0.122308 0.102661
0.567374 0.122308 0.102661
0.567374 0.122308 0.102661
0.569810 0.118722 0.102117
0.569810 0.118722 0.102117
0.569810 0.118722 0.102117
0.569810 0.118722 0.102117
0.569810 0.118722 0.102117
0.569810 0.118722 0.102117
0.569810 0.118722 0.102117
0.569810 0.118722 0.102117
0.569810 0.118722 0.102117
0.569810 0.118722 0.102117
0.570016 0.115133 0.102010
0.570016 0.115133 0.102010
0.570016 0.115133 0.102010
0.574786 0.115056 0.101071
0.574786 0.115056 0.101071
0.574786 0.115056 0.101071
0.574786 0.115056 0.101071
0.574786 0.115056 0.101071
0.574786 0.115056 0.101071
0.574786 0.115056 0.101071
0.575911 0.114490 0.100858
0.575911 0.114490 0.100858
0.575911 0.114490 0.100858
0.577222 0.113056 0.100605
0.577222 0.113056 0.100605
0.577222 0.113056 0.100605
0.577222 0.113056 0.100605
0.576976 0.111400 0.100608
0.576976 0.111400 0.100608
0.576976 0.111400 0.100608
0.576976 0.111400 0.100608
0.576976 0.111400 0.100608
0.576976 0.111400 0.100608
0.576976 0.111400 0.100608
0.576976 0.111400 0.100608
0.576976 0.111400 0.100608
0.576976 0.111400 0.100608
0.577944 0.108218 0.100379
0.577944 0.108218 0.100379
0.577944 0.108218 0.100379
0.577944 0.108218 0.100379
0.577944 0.108218 0.100379
0.577944 0.108218 0.100379
0.577944 0.108218 0.100379
0.577944 0.108218 0.100379
0.577944 0.108218 0.100379
0.577944 0.108218 0.100379
0.582283 0.108642 0.101869
0.582283 0.108642 0.101869
0.582283 0.108642 0.101869
0.582283 0.108642 0.101869
0.582283 0.108642 0.101869
0.582283 0.108642 0.101869
0.582283 0.108642 0.101869
0.584116 0.105875 0.099314
0.584116 0.105875 0.099314
0.584116 0.105875 0.099314
0.584116 0.105875 0.099314
0.584116 0.105875 0.099314
0.584116 0.105875 0.099314
0.584116 0.105875 0.099314
0.584116 0.105875 0.099314
0.584116 0.105875 0.099314
0.584116 0.105875 0.099314
0.584116 0.105875 0.099314
0.584116 0.105875 0.099314
0.584116 0.105875 0.099314
0.584116 0.105875 0.099314
0.584116 0.105875 0.099314
0.584116 0.105875 0.099314
0.584116 0.105875 0.099314
0.584116 0.105875 0.099314
0.584116 0.105875 0.099314
0.584116 0.105875 0.099314
0.584116 0.105875 0.099314
0.584116 0.105875 0.099314
0.584116 0.105875 0.099314
0.584116 0.105875 0.099314
0.584116 0.105875 0.099314
0.584116 0.105875 0.099314
0.584116 0.105875 0.099314
0.584116 0.105875 0.099314
0.584116 0.105875 0.099314
0.584116 0.105875 0.099314
0.584116 0.105875 0.099314
0.584116 0.105875 0.099314
0.584116 0.105875 0.099314
0.584116 0.105875 0.099314
0.584116 0.105875 0.099314
0.584116 0.105875 0.099314
0.584116 0.105875 0.099314
0.584116 0.105875 0.099314
0.584116 0.105875 0.099314
0.584116 0.105875 0.099314
0.584116 0.105875 0.099314
0.584116 0.105875 0.099314
0.584116 0.105875 0.099314
0.584116 0.105875 0.099314
0.584116 0.105875 0.099314
0.584116 0.105875 0.099314
0.584116 0.105875 0.099314
0.584116 0.105875 0.099314
0.584116 0.105875 0.099314
0.584116 0.105875 0.099314
0.584116 0.105875 0.099314
0.584116 0.105875 0.099314
0.584116 0.105875 0.099314
0.584116 0.105875 0.099314
0.584116 0.105875 0.099314
0.584116 0.105875 0.099314
0.584116 0.105875 0.099314
0.584116 0.105875 0.099314
0.584116 0.105875 0.099314
0.584116 0.105875 0.099314
0.584116 0.105875 0.099314
0.584116 0.105875 0.099314
0.584116 0.105875 0.099314
0.584116 0.105875 0.099314
0.584116 0.105875 0.099314
0.584116 0.105875 0.099314
0.584116 0.105875 0.099314
0.584116 0.105875 0.099314
0.584116 0.105875 0.099314
0.584116 0.105875 0.099314
0.584116 0.105875 0.099314
0.584116 0.105875 0.099314
0.584116 0.105875 0.099314
0.584116 0.105875 0.099314
0.584116 0.105875 0.099314
0.584116 0.105875 0.099314
0.584116 0.105875 0.099314
0.584116 0.105875 0.099314
0.584116 0.105875 0.099314
0.584116 0.105875 0.099314
0.584116 0.105875 0.099314
0.584116 0.105875 0.099314
0.584116 0.105875 0.099314
0.586534 0.106904 0.101158
0.586534 0.106904 0.101158
0.586534 0.106904 0.101158
0.586411 0.108958 0.099002
0.586411 0.108958 0.099002
0.586411 0.108958 0.099002
0.586411 0.108958 0.099002
0.586411 0.108958 0.099002
0.586411 0.108958 0.099002
0.586411 0.108958 0.099002
0.586411 0.108958 0.099002
0.586411 0.108958 0.099002
0.586411 0.108958 0.099002
0.586411 0.108958 0.099002
0.586411 0.108958 0.099002
0.586411 0.108958 0.099002
0.589731 0.111244 0.100758
0.589731 0.111244 0.100758
0.589731 0.111244 0.100758
0.589731 0.111244 0.100758
0.589731 0.111244 0.100758
0.589731 0.111244 0.100758
0.589731 0.111244 0.100758
0.592536 0.112168 0.098139
0.592536 0.112168 0.098139
0.592536 0.112168 0.098139
0.591160 0.114175 0.098367
0.591160 0.114175 0.098367
0.591160 0.114175 0.098367
0.591160 0.114175 0.098367
0.592612 0.114357 0.098156
0.592612 0.114357 0.098156
0.592612 0.114357 0.098156
0.593974 0.114660 0.097965
0.593974 0.114660 0.097965
0.593974 0.114660 0.097965
0.595316 0.118208 0.100055
0.595316 0.118208 0.100055
0.595316 0.118208 0.100055
0.595316 0.118208 0.100055
0.597050 0.117927 0.099816
0.597050 0.117927 0.099816
0.597050 0.117927 0.099816
0.597050 0.117927 0.099816
0.597050 0.117927 0.099816
0.597050 0.117927 0.099816
0.597050 0.117927 0.099816
0.597050 0.117927 0.099816
0.597050 0.117927 0.099816
0.597050 0.117927 0.099816
0.599389 0.121590 0.099532
0.599389 0.121590 0.099532
0.599389 0.121590 0.099532
0.599389 0.121590 0.099532
0.599389 0.121590 0.099532
0.599389 0.121590 0.099532
0.599389 0.121590 0.099532
0.601503 0.121195 0.099230
0.601503 0.121195 0.099230
0.601503 0.121195 0.099230
0.601503 0.121195 0.099230
0.601503 0.121195 0.099230
0.601503 0.121195 0.099230
0.602250 0.123589 0.099137
0.602250 0.123589 0.099137
0.602250 0.123589 0.099137
0.602250 0.123589 0.099137
0.602250 0.123589 0.099137
0.602250 0.123589 0.099137
0.602250 0.123589 0.099137
0.602250 0.123589 0.099137
0.602250 0.123589 0.099137
0.602250 0.123589 0.099137
0.602250 0.123589 0.099137
0.602250 0.123589 0.099137
0.602250 0.123589 0.099137
0.602250 0.123589 0.099137
0.602250 0.123589 0.099137
0.602250 0.123589 0.099137
0.602250 0.123589 0.099137
0.605645 0.125163 0.098670
0.605645 0.125163 0.098670
0.605645 0.125163 0.098670
0.605645 0.125163 0.098670
0.605645 0.125163 0.098670
0.605645 0.125163 0.098670
0.605645 0.125163 0.098670
0.605645 0.125163 0.098670
0.605645 0.125163 0.098670
0.605645 0.125163 0.098670
0.605645 0.125163 0.098670
0.605645 0.125163 0.098670
0.605645 0.125163 0.098670
0.605645 0.125163 0.098670
0.605645 0.125163 0.098670
0.605645 0.125163 0.098670
0.605645 0.125163 0.098670
0.605645 0.125163 0.098670
0.605645 0.125163 0.098670
0.605645 0.125163 0.098670
0.605948 0.130181 0.098634
0.605948 0.130181 0.098634
0.605948 0.130181 0.098634
0.605948 0.130181 0.098634
0.605948 0.130181 0.098634
0.605948 0.130181 0.098634
0.605948 0.130181 0.098634
0.605948 0.130181 0.098634
0.605948 0.130181 0.098634
0.605948 0.130181 0.098634
0.609091 0.129782 0.098210
0.609091 0.129782 0.098210
0.609091 0.129782 0.098210
0.609091 0.129782 0.098210
0.609091 0.129782 0.098210
0.609091 0.129782 0.098210
0.609091 0.129782 0.098210
0.609091 0.129782 0.098210
0.609091 0.129782 0.098210
0.609091 0.129782 0.098210
0.609091 0.129782 0.098210
0.609091 0.129782 0.098210
0.609091 0.129782 0.098210
0.608983 0.131438 0.098210
0.608983 0.131438 0.098210
0.608983 0.131438 0.098210
0.608983 0.131438 0.098210
0.608983 0.131438 0.098210
0.608983 0.131438 0.098210
0.608983 0.131438 0.098210
0.608983 0.131438 0.098210
0.608983 0.131438 0.098210
0.608983 0.131438 0.098210
0.608983 0.131438 0.098210
0.608983 0.131438 0.098210
0.608983 0.131438 0.098210
0.608983 0.131438 0.098210
0.610902 0.135671 0.097911
0.610902 0.135671 0.097911
0.610902 0.135671 0.097911
0.610902 0.135671 0.097911
0.610902 0.135671 0.097911
0.610902 0.135671 0.097911
0.610902 0.135671 0.097911
0.610902 0.135671 0.097911
0.610902 0.135671 0.097911
0.617526 0.136032 0.097055
0.617526 0.136032 0.097055
0.617526 0.136032 0.097055
0.617526 0.136032 0.097055
0.617526 0.136032 0.097055
0.617526 0.136032 0.097055
0.617526 0.136032 0.097055
0.617396 0.139640 0.097028
0.617396 0.139640 0.097028
0.617396 0.139640 0.097028
0.617396 0.139640 0.097028
0.617396 0.139640 0.097028
0.617396 0.139640 0.097028
0.617396 0.139640 0.097028
0.617300 0.140101 0.097036
0.617300 0.140101 0.097036
0.617300 0.140101 0.097036
0.620331 0.140986 0.096634
0.620331 0.140986 0.096634
0.620331 0.140986 0.096634
0.620331 0.140986 0.096634
0.620410 0.142315 0.096600
0.620410 0.142315 0.096600
0.620410 0.142315 0.096600
0.620410 0.142315 0.096600
0.620410 0.142315 0.096600
0.620410 0.142315 0.096600
0.620482 0.145410 0.096534
0.620482 0.145410 0.096534
0.620482 0.145410 0.096534
0.620482 0.145410 0.096534
0.624924 0.145030 0.096002
0.624924 0.145030 0.096002
0.624924 0.145030 0.096002
0.624924 0.145030 0.096002
0.624924 0.145030 0.096002
0.624924 0.145030 0.096002
0.624829 0.148357 0.095935
0.624829 0.148357 0.095935
0.624829 0.148357 0.095935
0.624829 0.148357 0.095935
0.627158 0.147267 0.095679
0.627158 0.147267 0.095679
0.627158 0.147267 0.095679
0.628419 0.147974 0.095513
0.628419 0.147974 0.095513
0.628419 0.147974 0.095513
0.628419 0.147974 0.095513
0.628419 0.147974 0.095513
0.628419 0.147974 0.095513
0.628419 0.147974 0.095513
0.629176 0.151932 0.095317
0.629176 0.151932 0.095317
0.629176 0.151932 0.095317
0.629176 0.151932 0.095317
0.629176 0.151932 0.095317
0.629176 0.151932 0.095317
0.629176 0.151932 0.095317
0.629176 0.151932 0.095317
0.629176 0.151932 0.095317
0.629176 0.151932 0.095317
0.629176 0.151932 0.095317
0.629176 0.151932 0.095317
0.629176 0.151932 0.095317
0.631601 0.153506 0.094993
0.631601 0.153506 0.094993
0.631601 0.153506 0.094993
0.631601 0.153506 0.094993
0.631601 0.153506 0.094993
0.631601 0.153506 0.094993
0.631601 0.153506 0.094993
0.631601 0.153506 0.094993
0.631601 0.153506 0.094993
0.631601 0.153506 0.094993
0.631601 0.153506 0.094993
0.631601 0.153506 0.094993
0.631601 0.153506 0.094993
0.631601 0.153506 0.094993
0.631601 0.153506 0.094993
0.631601 0.153506 0.094993
0.631601 0.153506 0.094993
0.633839 0.157388 0.094627
0.633839 0.157388 0.094627
0.633839 0.157388 0.094627
0.633839 0.157388 0.094627
0.633839 0.157388 0.094627
0.633839 0.157388 0.094627
0.633839 0.157388 0.094627
0.633839 0.157388 0.094627
0.633839 0.157388 0.094627
0.633839 0.157388 0.094627
0.633839 0.157388 0.094627
0.633839 0.157388 0.094627
0.633839 0.157388 0.094627
0.636892 0.157641 0.094280
0.636892 0.157641 0.094280
0.636892 0.157641 0.094280
0.636892 0.157641 0.094280
0.636892 0.157641 0.094280
0.636892 0.157641 0.094280
0.636892 0.157641 0.094280
0.636892 0.157641 0.094280
0.636892 0.157641 0.094280
0.636892 0.157641 0.094280
0.636892 0.157641 0.094280
0.636892 0.157641 0.094280
0.636892 0.157641 0.094280
0.637949 0.163116 0.093938
0.637949 0.163116 0.093938
0.637949 0.163116 0.093938
0.637949 0.163116 0.093938
0.637949 0.163116 0.093938
0.637949 0.163116 0.093938
0.637949 0.163116 0.093938
0.637949 0.163116 0.093938
0.637949 0.163116 0.093938
0.637949 0.163116 0.093938
0.637949 0.163116 0.093938
0.637949 0.163116 0.093938
0.637949 0.163116 0.093938
0.637949 0.163116 0.093938
0.640596 0.164315 0.093583
0.640596 0.164315 0.093583
0.640596 0.164315 0.093583
0.640596 0.164315 0.093583
0.640596 0.164315 0.093583
0.640596 0.164315 0.093583
0.640596 0.164315 0.093583
0.640596 0.164315 0.093583
0.640596 0.164315 0.093583
0.640596 0.164315 0.093583
0.640596 0.164315 0.093583
0.640596 0.164315 0.093583
0.640596 0.164315 0.093583
0.642489 0.164113 0.093391
0.642489 0.164113 0.093391
0.642489 0.164113 0.093391
0.642505 0.164924 0.093352
0.642505 0.164924 0.093352
0.642505 0.164924 0.093352
0.642505 0.164924 0.093352
0.642505 0.164924 0.093352
0.642505 0.164924 0.093352
0.642505 0.164924 0.093352
0.643050 0.167343 0.093199
0.643050 0.167343 0.093199
0.643050 0.167343 0.093199
0.643050 0.167343 0.093199
0.643050 0.167343 0.093199
0.643050 0.167343 0.093199
0.645236 0.169687 0.092881
0.645236 0.169687 0.092881
0.645236 0.169687 0.092881
0.645236 0.169687 0.092881
0.645236 0.169687 0.092881
0.645236 0.169687 0.092881
0.645236 0.169687 0.092881
0.645236 0.169687 0.092881
0.645236 0.169687 0.092881
0.645236 0.169687 0.092881
0.648932 0.171279 0.092417
0.648932 0.171279 0.092417
0.648932 0.171279 0.092417
0.648932 0.171279 0.092417
0.648932 0.171279 0.092417
0.648932 0.171279 0.092417
0.648932 0.171279 0.092417
0.648932 0.171279 0.092417
0.648932 0.171279 0.092417
0.648932 0.171279 0.092417
0.651391 0.172155 0.092107
0.651391 0.172155 0.092107
0.651391 0.172155 0.092107
0.651391 0.172155 0.092107
0.650539 0.175313 0.092013
0.650539 0.175313 0.092013
0.650539 0.175313 0.092013
0.650539 0.175313 0.092013
0.650539 0.175313 0.092013
0.650539 0.175313 0.092013
0.652066 0.176529 0.091768
0.652066 0.176529 0.091768
0.652066 0.176529 0.091768
0.652066 0.176529 0.091768
0.652066 0.176529 0.091768
0.652066 0.176529 0.091768
0.652066 0.176529 0.091768
0.652066 0.176529 0.091768
0.652066 0.176529 0.091768
0.652066 0.176529 0.091768
0.652066 0.176529 0.091768
0.655034 0.177086 0.091394
0.655034 0.177086 0.091394
0.655034 0.177086 0.091394
0.655034 0.177086 0.091394
0.655034 0.177086 0.091394
0.655034 0.177086 0.091394
0.654620 0.179250 0.091298
0.654620 0.179250 0.091298
0.654620 0.179250 0.091298
0.654620 0.179250 0.091298
0.654620 0.179250 0.091298
0.654620 0.179250 0.091298
0.654620 0.179250 0.091298
0.654620 0.179250 0.091298
0.654620 0.179250 0.091298
0.654620 0.179250 0.091298
0.659169 0.179445 0.090712
0.659169 0.179445 0.090712
0.659169 0.179445 0.090712
0.659169 0.179445 0.090712
0.658987 0.182046 0.090505
0.658987 0.182046 0.090505
0.658987 0.182046 0.090505
0.658987 0.182046 0.090505
0.658987 0.182046 0.090505
0.658987 0.182046 0.090505
0.658987 0.182046 0.090505
0.658987 0.182046 0.090505
0.658987 0.182046 0.090505
0.658987 0.182046 0.090505
0.661635 0.184020 0.090000
0.661635 0.184020 0.090000
0.661635 0.184020 0.090000
0.661635 0.184020 0.090000
0.661635 0.184020 0.090000
0.661635 0.184020 0.090000
0.661635 0.184020 0.090000
0.661635 0.184020 0.090000
0.661635 0.184020 0.090000
0.663000 0.187622 0.089468
0.663000 0.187622 0.089468
0.663000 0.187622 0.089468
0.663000 0.187622 0.089468
0.663000 0.187622 0.089468
0.663000 0.187622 0.089468
0.663000 0.187622 0.089468
0.663741 0.188102 0.089310
0.663741 0.188102 0.089310
0.663741 0.188102 0.089310
0.665450 0.188252 0.089025
0.665450 0.188252 0.089025
0.665450 0.188252 0.089025
0.665450 0.188252 0.089025
0.665450 0.188252 0.089025
0.665450 0.188252 0.089025
0.665450 0.188252 0.089025
0.666870 0.192961 0.088381
0.666870 0.192961 0.088381
0.666870 0.192961 0.088381
0.666870 0.192961 0.088381
0.666870 0.192961 0.088381
0.666870 0.192961 0.088381
0.666870 0.192961 0.088381
0.666870 0.192961 0.088381
0.666870 0.192961 0.088381
0.666870 0.192961 0.088381
0.669901 0.193945 0.087762
0.669901 0.193945 0.087762
0.669901 0.193945 0.087762
0.669901 0.193945 0.087762
0.669901 0.193945 0.087762
0.669901 0.193945 0.087762
0.669901 0.193945 0.087762
0.669901 0.193945 0.087762
0.669901 0.193945 0.087762
0.669901 0.193945 0.087762
0.669901 0.193945 0.087762
0.669901 0.193945 0.087762
0.669901 0.193945 0.087762
0.669901 0.193945 0.087762
0.671520 0.194645 0.087406
0.671520 0.194645 0.087406
0.671520 0.194645 0.087406
0.670559 0.196869 0.087279
0.670559 0.196869 0.087279
0.670559 0.196869 0.087279
0.670559 0.196869 0.087279
0.670559 0.196869 0.087279
0.670559 0.196869 0.087279
0.670559 0.196869 0.087279
0.672160 0.197911 0.086861
0.672160 0.197911 0.086861
0.672160 0.197911 0.086861
0.672160 0.197911 0.086861
0.672160 0.197911 0.086861
0.672160 0.197911 0.086861
0.672160 0.197911 0.086861
0.672160 0.197911 0.086861
0.672160 0.197911 0.086861
0.672160 0.197911 0.086861
0.674366 0.199221 0.086290
0.674366 0.199221 0.086290
0.674366 0.199221 0.086290
0.674366 0.199221 0.086290
0.674366 0.199221 0.086290
0.674366 0.199221 0.086290
0.674366 0.199221 0.086290
0.674366 0.199221 0.086290
0.674366 0.199221 0.086290
0.674366 0.199221 0.086290
0.674366 0.199221 0.086290
0.674366 0.199221 0.086290
0.674366 0.199221 0.086290
0.674366 0.199221 0.086290
0.674366 0.199221 0.086290
0.674366 0.199221 0.086290
0.674366 0.199221 0.086290
0.674366 0.199221 0.086290
0.674366 0.199221 0.086290
0.674366 0.199221 0.086290
0.674366 0.199221 0.086290
0.674366 0.199221 0.086290
0.674366 0.199221 0.086290
0.674366 0.199221 0.086290
0.674366 0.199221 0.086290
0.674366 0.199221 0.086290
0.674366 0.199221 0.086290
0.674366 0.199221 0.086290
0.674366 0.199221 0.086290
0.674366 0.199221 0.086290
0.674366 0.199221 0.086290
0.674366 0.199221 0.086290
0.674366 0.199221 0.086290
0.674366 0.199221 0.086290
0.674366 0.199221 0.086290
0.674366 0.199221 0.086290
0.674366 0.199221 0.086290
0.674366 0.199221 0.086290
0.674366 0.199221 0.086290
0.674366 0.199221 0.086290
0.674366 0.199221 0.086290
0.674366 0.199221 0.086290
0.674366 0.199221 0.086290
0.674366 0.199221 0.086290
0.674366 0.199221 0.086290
0.674366 0.199221 0.086290
0.674366 0.199221 0.086290
0.674366 0.199221 0.086290
0.674366 0.199221 0.086290
0.674366 0.199221 0.086290
0.674366 0.199221 0.086290
0.674366 0.199221 0.086290
0.674366 0.199221 0.086290
0.674366 0.199221 0.086290
0.674366 0.199221 0.086290
0.674366 0.199221 0.086290
0.674366 0.199221 0.086290
0.674366 0.199221 0.086290
0.674366 0.199221 0.086290
0.674366 0.199221 0.086290
0.674366 0.199221 0.086290
0.674366 0.199221 0.086290
0.674366 0.199221 0.086290
0.675850 0.198106 0.086174
0.675850 0.198106 0.086174
0.675850 0.198106 0.086174
0.675850 0.198106 0.086174
0.675850 0.198106 0.086174
0.675850 0.198106 0.086174
0.675850 0.198106 0.086174
0.676988 0.196601 0.086173
0.676988 0.196601 0.086173
0.676988 0.196601 0.086173
0.676988 0.196601 0.086173
0.676988 0.196601 0.086173
0.676988 0.196601 0.086173
0.676988 0.196601 0.086173
0.676988 0.196601 0.086173
0.676988 0.196601 0.086173
0.676988 0.196601 0.086173
0.676577 0.195193 0.086448
0.676577 0.195193 0.086448
0.676577 0.195193 0.086448
0.679809 0.193268 0.086184
0.679809 0.193268 0.086184
0.679809 0.193268 0.086184
0.679809 0.193268 0.086184
0.679809 0.193268 0.086184
0.679809 0.193268 0.086184
0.679809 0.193268 0.086184
0.679809 0.193268 0.086184
0.679809 0.193268 0.086184
0.679809 0.193268 0.086184
0.679809 0.193268 0.086184
0.679809 0.193268 0.086184
0.679809 0.193268 0.086184
0.681021 0.191429 0.086248
0.681021 0.191429 0.086248
0.681021 0.191429 0.086248
0.681021 0.191429 0.086248
0.683707 0.190682 0.085885
0.683707 0.190682 0.085885
0.683707 0.190682 0.085885
0.683707 0.190682 0.085885
0.683707 0.190682 0.085885
0.683707 0.190682 0.085885
0.683707 0.190682 0.085885
0.683707 0.190682 0.085885
0.683707 0.190682 0.085885
0.683707 0.190682 0.085885
0.683707 0.190682 0.085885
0.683707 0.190682 0.085885
0.683707 0.190682 0.085885
0.683707 0.190682 0.085885
0.683707 0.190682 0.085885
0.683707 0.190682 0.085885
0.687845 0.189963 0.085231
0.687845 0.189963 0.085231
0.687845 0.189963 0.085231
0.687845 0.189963 0.085231
0.687845 0.189963 0.085231
0.687845 0.189963 0.085231
0.687845 0.189963 0.085231
0.687845 0.189963 0.085231
0.687845 0.189963 0.085231
0.687845 0.189963 0.085231
0.687845 0.189963 0.085231
0.687845 0.189963 0.085231
0.687845 0.189963 0.085231
0.687845 0.189963 0.085231
0.689856 0.184102 0.085719
0.689856 0.184102 0.085719
0.689856 0.184102 0.085719
0.689856 0.184102 0.085719
0.689856 0.184102 0.085719
0.689856 0.184102 0.085719
0.689856 0.184102 0.085719
0.689856 0.184102 0.085719
0.689856 0.184102 0.085719
0.689856 0.184102 0.085719
0.689856 0.184102 0.085719
0.689856 0.184102 0.085719
0.689856 0.184102 0.085719
0.689856 0.184102 0.085719
0.689856 0.184102 0.085719
0.689856 0.184102 0.085719
0.689856 0.184102 0.085719
0.689856 0.184102 0.085719
0.689856 0.184102 0.085719
0.689856 0.184102 0.085719
0.694649 0.180748 0.085420
0.694649 0.180748 0.085420
0.694649 0.180748 0.085420
0.694649 0.180748 0.085420
0.694649 0.180748 0.085420
0.694649 0.180748 0.085420
0.694649 0.180748 0.085420
0.694649 0.180748 0.085420
0.694649 0.180748 0.085420
0.694649 0.180748 0.085420
0.694649 0.180748 0.085420
0.694649 0.180748 0.085420
0.694649 0.180748 0.085420
0.694950 0.178552 0.085725
0.694950 0.178552 0.085725
0.694950 0.178552 0.085725
0.698982 0.178271 0.085040
0.698982 0.178271 0.085040
0.698982 0.178271 0.085040
0.698982 0.178271 0.085040
0.698982 0.178271 0.085040
0.698982 0.178271 0.085040
0.698982 0.178271 0.085040
0.698242 0.176865 0.085407
0.698242 0.176865 0.085407
0.698242 0.176865 0.085407
0.698242 0.176865 0.085407
0.698242 0.176865 0.085407
0.698242 0.176865 0.085407
0.701177 0.174749 0.085233
0.701177 0.174749 0.085233
0.701177 0.174749 0.085233
0.701177 0.174749 0.085233
0.701177 0.174749 0.085233
0.701177 0.174749 0.085233
0.701177 0.174749 0.085233
0.701177 0.174749 0.085233
0.701177 0.174749 0.085233
0.701177 0.174749 0.085233
0.701177 0.174749 0.085233
0.701177 0.174749 0.085233
0.701177 0.174749 0.085233
0.701177 0.174749 0.085233
0.701177 0.174749 0.085233
0.701177 0.174749 0.085233
0.701177 0.174749 0.085233
0.701177 0.174749 0.085233
0.701177 0.174749 0.085233
0.701177 0.174749 0.085233
0.701177 0.174749 0.085233
0.701177 0.174749 0.085233
0.701177 0.174749 0.085233
0.701177 0.174749 0.085233
0.701177 0.174749 0.085233
0.701177 0.174749 0.085233
0.701177 0.174749 0.085233
0.701177 0.174749 0.085233
0.701177 0.174749 0.085233
0.701177 0.174749 0.085233
0.701177 0.174749 0.085233
0.701177 0.174749 0.085233
0.701177 0.174749 0.085233
0.701177 0.174749 0.085233
0.701177 0.174749 0.085233
0.701177 0.174749 0.085233
0.701177 0.174749 0.085233
0.701177 0.174749 0.085233
0.701177 0.174749 0.085233
0.701177 0.174749 0.085233
0.701177 0.174749 0.085233
0.701177 0.174749 0.085233
0.701177 0.174749 0.085233
0.701177 0.174749 0.085233
0.701177 0.174749 0.085233
0.701177 0.174749 0.085233
0.701177 0.174749 0.085233
0.701177 0.174749 0.085233
0.701177 0.174749 0.085233
0.701177 0.174749 0.085233
0.701177 0.174749 0.085233
0.701177 0.174749 0.085233
0.701177 0.174749 0.085233
0.701177 0.174749 0.085233
0.701177 0.174749 0.085233
0.701177 0.174749 0.085233
0.701177 0.174749 0.085233
0.701177 0.174749 0.085233
0.701177 0.174749 0.085233
0.701177 0.174749 0.085233
0.701177 0.174749 0.085233
0.701177 0.174749 0.085233
0.701177 0.174749 0.085233
0.701177 0.174749 0.085233
0.701177 0.174749 0.085233
0.701177 0.174749 0.085233
0.701177 0.174749 0.085233
0.701177 0.174749 0.085233
0.701177 0.174749 0.085233
0.701177 0.174749 0.085233
0.701177 0.174749 0.085233
0.701177 0.174749 0.085233
0.701177 0.174749 0.085233
0.701177 0.174749 0.085233
0.701177 0.174749 0.085233
0.701177 0.174749 0.085233
0.701177 0.174749 0.085233
0.701177 0.174749 0.085233
0.701177 0.174749 0.085233
0.701177 0.174749 0.085233
0.701177 0.174749 0.085233
0.701177 0.174749 0.085233
0.701177 0.174749 0.085233
0.701177 0.174749 0.085233
0.701177 0.174749 0.085233
0.701177 0.174749 0.085233
0.701177 0.174749 0.085233
0.701177 0.174749 0.085233
0.701177 0.174749 0.085233
0.701177 0.174749 0.085233
0.698242 0.176865 0.085407
0.698242 0.176865 0.085407
0.698242 0.176865 0.085407
0.698242 0.176865 0.085407
0.701177 0.174749 0.085233
0.701177 0.174749 0.085233
0.701177 0.174749 0.085233
0.699056 0.172690 0.085895
0.699056 0.172690 0.085895
0.699056 0.172690 0.085895
0.699056 0.172690 0.085895
0.699056 0.172690 0.085895
0.699056 0.172690 0.085895
0.699056 0.172690 0.085895
0.699056 0.172690 0.085895
0.699056 0.172690 0.085895
0.699056 0.172690 0.085895
0.699056 0.172690 0.085895
0.699056 0.172690 0.085895
0.699056 0.172690 0.085895
0.699056 0.172690 0.085895
0.699056 0.172690 0.085895
0.699056 0.172690 0.085895
0.699056 0.172690 0.085895
0.699056 0.172690 0.085895
0.699056 0.172690 0.085895
0.699056 0.172690 0.085895
0.696213 0.173375 0.086238
0.696213 0.173375 0.086238
0.696213 0.173375 0.086238
0.697494 0.171240 0.086346
0.697494 0.171240 0.086346
0.697494 0.171240 0.086346
0.697494 0.171240 0.086346
0.697494 0.171240 0.086346
0.697494 0.171240 0.086346
0.697494 0.171240 0.086346
0.697494 0.171240 0.086346
0.697494 0.171240 0.086346
0.697494 0.171240 0.086346
0.694552 0.167893 0.087172
0.694552 0.167893 0.087172
0.694552 0.167893 0.087172
0.694552 0.167893 0.087172
0.694552 0.167893 0.087172
0.694552 0.167893 0.087172
0.694552 0.167893 0.087172
0.694552 0.167893 0.087172
0.694552 0.167893 0.087172
0.694552 0.167893 0.087172
0.694552 0.167893 0.087172
0.694552 0.167893 0.087172
0.694552 0.167893 0.087172
0.694552 0.167893 0.087172
0.694552 0.167893 0.087172
0.694552 0.167893 0.087172
0.694552 0.167893 0.087172
0.693184 0.163307 0.087866
0.693184 0.163307 0.087866
0.693184 0.163307 0.087866
0.693184 0.163307 0.087866
0.693184 0.163307 0.087866
0.693184 0.163307 0.087866
0.693184 0.163307 0.087866
0.688363 0.163979 0.088379
0.688363 0.163979 0.088379
0.688363 0.163979 0.088379
0.688363 0.163979 0.088379
0.688363 0.163979 0.088379
0.688363 0.163979 0.088379
0.688363 0.163979 0.088379
0.688363 0.163979 0.088379
0.688363 0.163979 0.088379
0.688363 0.163979 0.088379
0.688363 0.163979 0.088379
0.688363 0.163979 0.088379
0.688363 0.163979 0.088379
0.688363 0.163979 0.088379
0.688363 0.163979 0.088379
0.688363 0.163979 0.088379
0.687465 0.159572 0.088951
0.687465 0.159572 0.088951
0.687465 0.159572 0.088951
0.687465 0.159572 0.088951
0.687465 0.159572 0.088951
0.687465 0.159572 0.088951
0.687465 0.159572 0.088951
0.687465 0.159572 0.088951
0.687465 0.159572 0.088951
0.687465 0.159572 0.088951
0.687465 0.159572 0.088951
0.687465 0.159572 0.088951
0.687465 0.159572 0.088951
0.687465 0.159572 0.088951
0.684521 0.158812 0.089346
0.684521 0.158812 0.089346
0.684521 0.158812 0.089346
0.684521 0.158812 0.089346
0.684521 0.158812 0.089346
0.684521 0.158812 0.089346
0.685335 0.155775 0.089531
0.685335 0.155775 0.089531
0.685335 0.155775 0.089531
0.685335 0.155775 0.089531
0.683472 0.155252 0.089778
0.683472 0.155252 0.089778
0.683472 0.155252 0.089778
0.683472 0.155252 0.089778
0.683472 0.155252 0.089778
0.683472 0.155252 0.089778
0.683472 0.155252 0.089778
0.683472 0.155252 0.089778
0.683472 0.155252 0.089778
0.683472 0.155252 0.089778
0.681632 0.152316 0.090235
0.681632 0.152316 0.090235
0.681632 0.152316 0.090235
0.681632 0.152316 0.090235
0.681632 0.152316 0.090235
0.681632 0.152316 0.090235
0.681177 0.151795 0.090327
0.681177 0.151795 0.090327
0.681177 0.151795 0.090327
0.681177 0.151795 0.090327
0.681177 0.151795 0.090327
0.681177 0.151795 0.090327
0.681177 0.151795 0.090327
0.680158 0.149241 0.090623
0.680158 0.149241 0.090623
0.680158 0.149241 0.090623
0.680158 0.149241 0.090623
0.680158 0.149241 0.090623
0.680158 0.149241 0.090623
0.680158 0.149241 0.090623
0.680158 0.149241 0.090623
0.680158 0.149241 0.090623
0.680158 0.149241 0.090623
0.674777 0.151136 0.091027
0.674777 0.151136 0.091027
0.674777 0.151136 0.091027
0.674777 0.151136 0.091027
0.674777 0.151136 0.091027
0.674777 0.151136 0.091027
0.674777 0.151136 0.091027
0.672767 0.147845 0.091430
0.672767 0.147845 0.091430
0.672767 0.147845 0.091430
0.672767 0.147845 0.091430
0.672767 0.147845 0.091430
0.672767 0.147845 0.091430
0.672767 0.147845 0.091430
0.672767 0.147845 0.091430
0.672767 0.147845 0.091430
0.672767 0.147845 0.091430
0.672767 0.147845 0.091430
0.672767 0.147845 0.091430
0.672767 0.147845 0.091430
0.675174 0.143880 0.091445
0.675174 0.143880 0.091445
0.675174 0.143880 0.091445
0.673286 0.142631 0.091684
0.673286 0.142631 0.091684
0.673286 0.142631 0.091684
0.673286 0.142631 0.091684
0.673286 0.142631 0.091684
0.673286 0.142631 0.091684
0.673286 0.142631 0.091684
0.673286 0.142631 0.091684
0.673286 0.142631 0.091684
0.673286 0.142631 0.091684
0.673286 0.142631 0.091684
0.673286 0.142631 0.091684
0.673286 0.142631 0.091684
0.673286 0.142631 0.091684
0.670779 0.140606 0.092036
0.670779 0.140606 0.092036
0.670779 0.140606 0.092036
0.670779 0.140606 0.092036
0.670779 0.140606 0.092036
0.670779 0.140606 0.092036
0.670779 0.140606 0.092036
0.670779 0.140606 0.092036
0.670779 0.140606 0.092036
0.670779 0.140606 0.092036
0.667245 0.138060 0.092513
0.667245 0.138060 0.092513
0.667245 0.138060 0.092513
0.667245 0.138060 0.092513
0.667245 0.138060 0.092513
0.667245 0.138060 0.092513
0.667245 0.138060 0.092513
0.667245 0.138060 0.092513
0.667245 0.138060 0.092513
0.667245 0.138060 0.092513
0.667245 0.138060 0.092513
0.667245 0.138060 0.092513
0.667245 0.138060 0.092513
0.662631 0.137151 0.092903
0.662631 0.137151 0.092903
0.662631 0.137151 0.092903
0.662631 0.137151 0.092903
0.662631 0.137151 0.092903
0.662631 0.137151 0.092903
0.662631 0.137151 0.092903
0.662485 0.133491 0.093081
0.662485 0.133491 0.093081
0.662485 0.133491 0.093081
0.662485 0.133491 0.093081
0.662485 0.133491 0.093081
0.662485 0.133491 0.093081
0.662485 0.133491 0.093081
0.662485 0.133491 0.093081
0.662485 0.133491 0.093081
0.662485 0.133491 0.093081
0.660978 0.132339 0.093238
0.660978 0.132339 0.093238
0.660978 0.132339 0.093238
0.660978 0.132339 0.093238
0.660978 0.132339 0.093238
0.660978 0.132339 0.093238
0.661064 0.130133 0.093322
0.661064 0.130133 0.093322
0.661064 0.130133 0.093322
0.661064 0.130133 0.093322
0.661064 0.130133 0.093322
0.661064 0.130133 0.093322
0.661064 0.130133 0.093322
0.661064 0.130133 0.093322
0.661064 0.130133 0.093322
0.661064 0.130133 0.093322
0.657072 0.127331 0.093653
0.657072 0.127331 0.093653
0.657072 0.127331 0.093653
0.657072 0.127331 0.093653
0.657072 0.127331 0.093653
0.657072 0.127331 0.093653
0.657072 0.127331 0.093653
0.657072 0.127331 0.093653
0.657072 0.127331 0.093653
0.657072 0.127331 0.093653
0.657072 0.127331 0.093653
0.657072 0.127331 0.093653
0.657072 0.127331 0.093653
0.657072 0.127331 0.093653
0.655223 0.126392 0.093796
0.655223 0.126392 0.093796
0.655223 0.126392 0.093796
0.655223 0.126392 0.093796
0.655223 0.126392 0.093796
0.655223 0.126392 0.093796
0.655223 0.126392 0.093796
0.655223 0.126392 0.093796
0.655223 0.126392 0.093796
0.655223 0.126392 0.093796
0.655798 0.123931 0.093848
0.655798 0.123931 0.093848
0.655798 0.123931 0.093848
0.651195 0.122208 0.094240
0.651195 0.122208 0.094240
0.651195 0.122208 0.094240
0.651195 0.122208 0.094240
0.651195 0.122208 0.094240
0.651195 0.122208 0.094240
0.651195 0.122208 0.094240
0.651195 0.122208 0.094240
0.651195 0.122208 0.094240
0.651195 0.122208 0.094240
0.651195 0.122208 0.094240
0.651195 0.122208 0.094240
0.651195 0.122208 0.094240
0.651195 0.122208 0.094240
0.651195 0.122208 0.094240
0.651195 0.122208 0.094240
0.651195 0.122208 0.094240
0.650318 0.118863 0.094399
0.650318 0.118863 0.094399
0.650318 0.118863 0.094399
0.650318 0.118863 0.094399
0.650318 0.118863 0.094399
0.650318 0.118863 0.094399
0.650318 0.118863 0.094399
0.650318 0.118863 0.094399
0.650318 0.118863 0.094399
0.650318 0.118863 0.094399
0.647616 0.119658 0.094549
0.647616 0.119658 0.094549
0.647616 0.119658 0.094549
0.646557 0.118076 0.094654
0.646557 0.118076 0.094654
0.646557 0.118076 0.094654
0.646557 0.118076 0.094654
0.646557 0.118076 0.094654
0.646557 0.118076 0.094654
0.646557 0.118076 0.094654
0.646557 0.118076 0.094654
0.646557 0.118076 0.094654
0.646557 0.118076 0.094654
0.646486 0.114342 0.094735
0.646486 0.114342 0.094735
0.646486 0.114342 0.094735
0.646486 0.114342 0.094735
0.646486 0.114342 0.094735
0.646486 0.114342 0.094735
0.646486 0.114342 0.094735
0.643259 0.114498 0.094932
0.643259 0.114498 0.094932
0.643259 0.114498 0.094932
0.643259 0.114498 0.094932
0.643259 0.114498 0.094932
0.643259 0.114498 0.094932
0.641662 0.112852 0.095045
0.641662 0.112852 0.095045
0.641662 0.112852 0.095045
0.641662 0.112852 0.095045
0.641662 0.112852 0.095045
0.641662 0.112852 0.095045
0.641662 0.112852 0.095045
0.641995 0.110747 0.095043
0.641995 0.110747 0.095043
0.641995 0.110747 0.095043
0.641995 0.110747 0.095043
0.641995 0.110747 0.095043
0.641995 0.110747 0.095043
0.641995 0.110747 0.095043
0.641995 0.110747 0.095043
0.641995 0.110747 0.095043
0.641995 0.110747 0.095043
0.642011 0.108483 0.095061
0.642011 0.108483 0.095061
0.642011 0.108483 0.095061
0.638009 0.106435 0.095308
0.638009 0.106435 0.095308
0.638009 0.106435 0.095308
0.638009 0.106435 0.095308
0.638009 0.106435 0.095308
0.638009 0.106435 0.095308
0.638009 0.106435 0.095308
0.638009 0.106435 0.095308
0.638009 0.106435 0.095308
0.638009 0.106435 0.095308
0.636270 0.105295 0.095412
0.636270 0.105295 0.095412
0.636270 0.105295 0.095412
0.636270 0.105295 0.095412
0.636270 0.105295 0.095412
0.636270 0.105295 0.095412
0.636270 0.105295 0.095412
0.634840 0.104979 0.095483
0.634840 0.104979 0.095483
0.634840 0.104979 0.095483
0.634840 0.104979 0.095483
0.632687 0.101768 0.095635
0.632687 0.101768 0.095635
0.632687 0.101768 0.095635
0.632687 0.101768 0.095635
0.632687 0.101768 0.095635
0.632687 0.101768 0.095635
0.632687 0.101768 0.095635
0.632687 0.101768 0.095635
0.632687 0.101768 0.095635
0.632687 0.101768 0.095635
0.632254 0.098381 0.095664
0.632254 0.098381 0.095664
0.632254 0.098381 0.095664
0.632254 0.098381 0.095664
0.632254 0.098381 0.095664
0.632254 0.098381 0.095664
0.632254 0.098381 0.095664
0.632254 0.098381 0.095664
0.632254 0.098381 0.095664
0.631357 0.096493 0.095727
0.631357 0.096493 0.095727
0.631357 0.096493 0.095727
0.631357 0.096493 0.095727
0.631357 0.096493 0.095727
0.631357 0.096493 0.095727
0.631357 0.096493 0.095727
0.631357 0.096493 0.095727
0.631357 0.096493 0.095727
0.631357 0.096493 0.095727
0.631357 0.096493 0.095727
0.629414 0.093724 0.095896
0.629414 0.093724 0.095896
0.629414 0.093724 0.095896
0.629414 0.093724 0.095896
0.629414 0.093724 0.095896
0.629414 0.093724 0.095896
0.626470 0.092201 0.096140
0.626470 0.092201 0.096140
0.626470 0.092201 0.096140
0.626470 0.092201 0.096140
0.626470 0.092201 0.096140
0.626470 0.092201 0.096140
0.626470 0.092201 0.096140
0.626470 0.092201 0.096140
0.626470 0.092201 0.096140
0.626470 0.092201 0.096140
0.626470 0.092201 0.096140
0.626470 0.092201 0.096140
0.626470 0.092201 0.096140
0.626470 0.092201 0.096140
0.622818 0.090024 0.096427
0.622818 0.090024 0.096427
0.622818 0.090024 0.096427
0.622818 0.090024 0.096427
0.622818 0.090024 0.096427
0.622818 0.090024 0.096427
0.622818 0.090024 0.096427
0.622818 0.090024 0.096427
0.622818 0.090024 0.096427
0.620245 0.086672 0.096659
0.620245 0.086672 0.096659
0.620245 0.086672 0.096659
0.620245 0.086672 0.096659
0.620245 0.086672 0.096659
0.620245 0.086672 0.096659
0.620245 0.086672 0.096659
0.620245 0.086672 0.096659
0.620245 0.086672 0.096659
0.620245 0.086672 0.096659
0.620245 0.086672 0.096659
0.620245 0.086672 0.096659
0.620245 0.086672 0.096659
0.620245 0.086672 0.096659
0.620245 0.086672 0.096659
0.620245 0.086672 0.096659
0.620245 0.086672 0.096659
0.617217 0.084911 0.096954
0.617217 0.084911 0.096954
0.617217 0.084911 0.096954
0.616866 0.082013 0.096919
0.616866 0.082013 0.096919
0.616866 0.082013 0.096919
0.616866 0.082013 0.096919
0.616866 0.082013 0.096919
0.616866 0.082013 0.096919
0.616866 0.082013 0.096919
0.616866 0.082013 0.096919
0.616866 0.082013 0.096919
0.616866 0.082013 0.096919
0.616866 0.082013 0.096919
0.616866 0.082013 0.096919
0.616866 0.082013 0.096919
0.616866 0.082013 0.096919
0.616866 0.082013 0.096919
0.616866 0.082013 0.096919
0.616866 0.082013 0.096919
0.616866 0.082013 0.096919
0.616866 0.082013 0.096919
0.616866 0.082013 0.096919
0.616866 0.082013 0.096919
0.616866 0.082013 0.096919
0.616866 0.082013 0.096919
0.616866 0.082013 0.096919
0.616866 0.082013 0.096919
0.616866 0.082013 0.096919
0.616866 0.082013 0.096919
0.616487 0.080876 0.096920
0.616487 0.080876 0.096920
0.616487 0.080876 0.096920
0.616487 0.080876 0.096920
0.616487 0.080876 0.096920
0.616487 0.080876 0.096920
0.616487 0.080876 0.096920
0.616487 0.080876 0.096920
0.616487 0.080876 0.096920
0.616487 0.080876 0.096920
0.616352 0.078292 0.096856
0.616352 0.078292 0.096856
0.616352 0.078292 0.096856
0.616352 0.078292 0.096856
0.616352 0.078292 0.096856
0.616352 0.078292 0.096856
0.616352 0.078292 0.096856
0.615968 0.077806 0.096888
0.615968 0.077806 0.096888
0.615968 0.077806 0.096888
0.615968 0.077806 0.096888
0.615968 0.077806 0.096888
0.615968 0.077806 0.096888
0.615968 0.077806 0.096888
0.615968 0.077806 0.096888
0.615968 0.077806 0.096888
0.615968 0.077806 0.096888
0.615968 0.077806 0.096888
0.615968 0.077806 0.096888
0.615968 0.077806 0.096888
0.615968 0.077806 0.096888
0.615968 0.077806 0.096888
0.615968 0.077806 0.096888
0.615968 0.077806 0.096888
0.615968 0.077806 0.096888
0.615968 0.077806 0.096888
0.615968 0.077806 0.096888
0.615968 0.077806 0.096888
0.615968 0.077806 0.096888
0.615968 0.077806 0.096888
0.615968 0.077806 0.096888
0.615968 0.077806 0.096888
0.615968 0.077806 0.096888
0.615968 0.077806 0.096888
0.615968 0.077806 0.096888
0.615968 0.077806 0.096888
0.615968 0.077806 0.096888
0.615968 0.077806 0.096888
0.615968 0.077806 0.096888
0.615968 0.077806 0.096888
0.616352 0.078292 0.096856
0.616352 0.078292 0.096856
0.616352 0.078292 0.096856
0.616352 0.078292 0.096856
0.616352 0.078292 0.096856
0.616352 0.078292 0.096856
0.616352 0.078292 0.096856
0.616352 0.078292 0.096856
0.616352 0.078292 0.096856
0.616352 0.078292 0.096856
0.617880 0.077357 0.096686
0.617880 0.077357 0.096686
0.617880 0.077357 0.096686
0.617880 0.077357 0.096686
0.617880 0.077357 0.096686
0.617880 0.077357 0.096686
0.617880 0.077357 0.096686
0.617880 0.077357 0.096686
0.617880 0.077357 0.096686
0.617880 0.077357 0.096686
0.620008 0.074856 0.096474
0.620008 0.074856 0.096474
0.620008 0.074856 0.096474
0.620008 0.074856 0.096474
0.620008 0.074856 0.096474
0.620008 0.074856 0.096474
0.620008 0.074856 0.096474
0.620008 0.074856 0.096474
0.620008 0.074856 0.096474
0.620008 0.074856 0.096474
0.620008 0.074856 0.096474
0.620008 0.074856 0.096474
0.620008 0.074856 0.096474
0.619931 0.071838 0.096431
0.619931 0.071838 0.096431
0.619931 0.071838 0.096431
0.619931 0.071838 0.096431
0.619931 0.071838 0.096431
0.619931 0.071838 0.096431
0.619931 0.071838 0.096431
0.625356 0.073086 0.095950
0.625356 0.073086 0.095950
0.625356 0.073086 0.095950
0.625356 0.073086 0.095950
0.625356 0.073086 0.095950
0.625356 0.073086 0.095950
0.625356 0.073086 0.095950
0.625356 0.073086 0.095950
0.625356 0.073086 0.095950
0.625356 0.073086 0.095950
0.627569 0.069046 0.095661
0.627569 0.069046 0.095661
0.627569 0.069046 0.095661
0.627569 0.069046 0.095661
0.627569 0.069046 0.095661
0.627569 0.069046 0.095661
0.627569 0.069046 0.095661
0.627569 0.069046 0.095661
0.627569 0.069046 0.095661
0.627569 0.069046 0.095661
0.627569 0.069046 0.095661
0.627569 0.069046 0.095661
0.627569 0.069046 0.095661
0.627569 0.069046 0.095661
0.627569 0.069046 0.095661
0.627569 0.069046 0.095661
0.627569 0.069046 0.095661
0.633047 0.066303 0.095222
0.633047 0.066303 0.095222
0.633047 0.066303 0.095222
0.633047 0.066303 0.095222
0.633047 0.066303 0.095222
0.633047 0.066303 0.095222
0.633047 0.066303 0.095222
0.633047 0.066303 0.095222
0.633047 0.066303 0.095222
0.633047 0.066303 0.095222
0.633830 0.063183 0.095085
0.633830 0.063183 0.095085
0.633830 0.063183 0.095085
0.633830 0.063183 0.095085
0.633830 0.063183 0.095085
0.633830 0.063183 0.095085
0.633830 0.063183 0.095085
0.633830 0.063183 0.095085
0.633830 0.063183 0.095085
0.633830 0.063183 0.095085
0.636240 0.058343 0.094841
0.636240 0.058343 0.094841
0.636240 0.058343 0.094841
0.640102 0.059295 0.094721
0.640102 0.059295 0.094721
0.640102 0.059295 0.094721
0.640102 0.059295 0.094721
0.640102 0.059295 0.094721
0.640102 0.059295 0.094721
0.640102 0.059295 0.094721
0.640102 0.059295 0.094721
0.640102 0.059295 0.094721
0.640102 0.059295 0.094721
0.640102 0.059295 0.094721
0.640102 0.059295 0.094721
0.640102 0.059295 0.094721
0.642831 0.058033 0.094594
0.642831 0.058033 0.094594
0.642831 0.058033 0.094594
0.642831 0.058033 0.094594
0.642831 0.058033 0.094594
0.642831 0.058033 0.094594
0.642831 0.058033 0.094594
0.642831 0.058033 0.094594
0.642831 0.058033 0.094594
0.642831 0.058033 0.094594
0.644967 0.055999 0.094478
0.644967 0.055999 0.094478
0.644967 0.055999 0.094478
0.644967 0.055999 0.094478
0.644967 0.055999 0.094478
0.644967 0.055999 0.094478
0.644967 0.055999 0.094478
0.644967 0.055999 0.094478
0.644967 0.055999 0.094478
0.644967 0.055999 0.094478
0.644850 0.053517 0.094439
0.644850 0.053517 0.094439
0.644850 0.053517 0.094439
0.644850 0.053517 0.094439
0.647188 0.053351 0.094358
0.647188 0.053351 0.094358
0.647188 0.053351 0.094358
0.647188 0.053351 0.094358
0.647188 0.053351 0.094358
0.647188 0.053351 0.094358
0.647188 0.053351 0.094358
0.649679 0.051708 0.094266
0.649679 0.051708 0.094266
0.649679 0.051708 0.094266
0.649679 0.051708 0.094266
0.649679 0.051708 0.094266
0.649679 0.051708 0.094266
0.649679 0.051708 0.094266
0.649679 0.051708 0.094266
0.649679 0.051708 0.094266
0.649679 0.051708 0.094266
0.649679 0.051708 0.094266
0.649679 0.051708 0.094266
0.649679 0.051708 0.094266
0.649679 0.051708 0.094266
0.649679 0.051708 0.094266
0.649679 0.051708 0.094266
0.649679 0.051708 0.094266
0.649679 0.051708 0.094266
0.649679 0.051708 0.094266
0.649679 0.051708 0.094266
0.649679 0.051708 0.094266
0.649679 0.051708 0.094266
0.649679 0.051708 0.094266
0.652486 0.050782 0.094186
0.652486 0.050782 0.094186
0.652486 0.050782 0.094186
0.652486 0.050782 0.094186
0.652486 0.050782 0.094186
0.652486 0.050782 0.094186
0.652486 0.050782 0.094186
0.652486 0.050782 0.094186
0.652486 0.050782 0.094186
0.652486 0.050782 0.094186
0.652486 0.050782 0.094186
0.652486 0.050782 0.094186
0.652486 0.050782 0.094186
0.652486 0.050782 0.094186
0.652486 0.050782 0.094186
0.652486 0.050782 0.094186
0.652486 0.050782 0.094186
0.652486 0.050782 0.094186
0.652486 0.050782 0.094186
0.652486 0.050782 0.094186
0.652486 0.050782 0.094186
0.652486 0.050782 0.094186
0.652486 0.050782 0.094186
0.652486 0.050782 0.094186
0.652486 0.050782 0.094186
0.652486 0.050782 0.094186
0.652486 0.050782 0.094186
0.652486 0.050782 0.094186
0.652486 0.050782 0.094186
0.652486 0.050782 0.094186
0.652486 0.050782 0.094186
0.652486 0.050782 0.094186
0.652486 0.050782 0.094186
0.652486 0.050782 0.094186
0.652486 0.050782 0.094186
0.652486 0.050782 0.094186
0.652486 0.050782 0.094186
0.652486 0.050782 0.094186
0.652486 0.050782 0.094186
0.652486 0.050782 0.094186
0.652486 0.050782 0.094186
0.652486 0.050782 0.094186
0.652486 0.050782 0.094186
0.652486 0.050782 0.094186
0.652486 0.050782 0.094186
0.652486 0.050782 0.094186
0.652486 0.050782 0.094186
0.652486 0.050782 0.094186
0.652486 0.050782 0.094186
0.652486 0.050782 0.094186
0.652486 0.050782 0.094186
0.652486 0.050782 0.094186
0.652486 0.050782 0.094186
0.652486 0.050782 0.094186
0.652486 0.050782 0.094186
0.652486 0.050782 0.094186
0.652486 0.050782 0.094186
0.652486 0.050782 0.094186
0.652486 0.050782 0.094186
0.652486 0.050782 0.094186
0.652486 0.050782 0.094186
0.652486 0.050782 0.094186
0.652486 0.050782 0.094186
0.652486 0.050782 0.094186
0.652486 0.050782 0.094186
0.652486 0.050782 0.094186
0.652300 0.052106 0.094216
0.652300 0.052106 0.094216
0.652300 0.052106 0.094216
0.652300 0.052106 0.094216
0.655222 0.051767 0.094135
0.655222 0.051767 0.094135
0.655222 0.051767 0.094135
0.655222 0.051767 0.094135
0.655222 0.051767 0.094135
0.655222 0.051767 0.094135
0.655222 0.051767 0.094135
0.655222 0.051767 0.094135
0.655222 0.051767 0.094135
0.655222 0.051767 0.094135
0.655496 0.056953 0.094195
0.655496 0.056953 0.094195
0.655496 0.056953 0.094195
0.655496 0.056953 0.094195
0.655496 0.056953 0.094195
0.655496 0.056953 0.094195
0.658695 0.057143 0.094109
0.658695 0.057143 0.094109
0.658695 0.057143 0.094109
0.658695 0.057143 0.094109
0.658695 0.057143 0.094109
0.658695 0.057143 0.094109
0.658695 0.057143 0.094109
0.658695 0.057143 0.094109
0.658695 0.057143 0.094109
0.658695 0.057143 0.094109
0.658695 0.057143 0.094109
0.658695 0.057143 0.094109
0.658695 0.057143 0.094109
0.658695 0.057143 0.094109
0.658695 0.057143 0.094109
0.658695 0.057143 0.094109
0.658695 0.057143 0.094109
0.658695 0.057143 0.094109
0.658695 0.057143 0.094109
0.658695 0.057143 0.094109
0.658695 0.057143 0.094109
0.661744 0.058621 0.094079
0.661744 0.058621 0.094079
0.661744 0.058621 0.094079
0.661744 0.058621 0.094079
0.661744 0.058621 0.094079
0.661744 0.058621 0.094079
0.661744 0.058621 0.094079
0.661744 0.058621 0.094079
0.661744 0.058621 0.094079
0.661744 0.058621 0.094079
0.661744 0.058621 0.094079
0.661744 0.058621 0.094079
0.661744 0.058621 0.094079
0.661744 0.058621 0.094079
0.661744 0.058621 0.094079
0.661744 0.058621 0.094079
0.661744 0.058621 0.094079
0.661744 0.058621 0.094079
0.661744 0.058621 0.094079
0.663476 0.059635 0.094061
0.663476 0.059635 0.094061
0.663476 0.059635 0.094061
0.663476 0.059635 0.094061
0.663476 0.059635 0.094061
0.663476 0.059635 0.094061
0.663476 0.059635 0.094061
0.663899 0.061699 0.094063
0.663899 0.061699 0.094063
0.663899 0.061699 0.094063
0.663899 0.061699 0.094063
0.663899 0.061699 0.094063
0.663899 0.061699 0.094063
0.663899 0.061699 0.094063
0.663899 0.061699 0.094063
0.663899 0.061699 0.094063
0.663899 0.061699 0.094063
0.663899 0.061699 0.094063
0.663899 0.061699 0.094063
0.663899 0.061699 0.094063
0.663899 0.061699 0.094063
0.663899 0.061699 0.094063
0.663899 0.061699 0.094063
0.663899 0.061699 0.094063
0.663899 0.061699 0.094063
0.663899 0.061699 0.094063
0.663899 0.061699 0.094063
0.665461 0.064464 0.094059
0.665461 0.064464 0.094059
0.665461 0.064464 0.094059
0.665461 0.064464 0.094059
0.665461 0.064464 0.094059
0.665461 0.064464 0.094059
0.665461 0.064464 0.094059
0.665461 0.064464 0.094059
0.665461 0.064464 0.094059
0.665461 0.064464 0.094059
0.666553 0.065114 0.094037
0.666553 0.065114 0.094037
0.666553 0.065114 0.094037
0.666553 0.065114 0.094037
0.666553 0.065114 0.094037
0.666553 0.065114 0.094037
0.666553 0.065114 0.094037
0.666553 0.065114 0.094037
0.666553 0.065114 0.094037
0.666553 0.065114 0.094037
0.668361 0.067018 0.093991
0.668361 0.067018 0.093991
0.668361 0.067018 0.093991
0.668361 0.067018 0.093991
0.668361 0.067018 0.093991
0.668361 0.067018 0.093991
0.668361 0.067018 0.093991
0.670278 0.066213 0.093954
0.670278 0.066213 0.093954
0.670278 0.066213 0.093954
0.670278 0.066213 0.093954
0.670278 0.066213 0.093954
0.670278 0.066213 0.093954
0.670278 0.066213 0.093954
0.671769 0.068624 0.093913
0.671769 0.068624 0.093913
0.671769 0.068624 0.093913
0.671769 0.068624 0.093913
0.671769 0.068624 0.093913
0.671769 0.068624 0.093913
0.671769 0.068624 0.093913
0.671769 0.068624 0.093913
0.671769 0.068624 0.093913
0.671769 0.068624 0.093913
0.671769 0.068624 0.093913
0.671769 0.068624 0.093913
0.671769 0.068624 0.093913
0.671769 0.068624 0.093913
0.671769 0.068624 0.093913
0.671769 0.068624 0.093913
0.675200 0.070942 0.093838
0.675200 0.070942 0.093838
0.675200 0.070942 0.093838
0.675200 0.070942 0.093838
0.675200 0.070942 0.093838
0.675200 0.070942 0.093838
0.675200 0.070942 0.093838
0.675200 0.070942 0.093838
0.675200 0.070942 0.093838
0.675200 0.070942 0.093838
0.675200 0.070942 0.093838
0.675200 0.070942 0.093838
0.675200 0.070942 0.093838
0.675200 0.070942 0.093838
0.675200 0.070942 0.093838
0.675200 0.070942 0.093838
0.675200 0.070942 0.093838
0.677456 0.073024 0.093776
0.677456 0.073024 0.093776
0.677456 0.073024 0.093776
0.677456 0.073024 0.093776
0.677456 0.073024 0.093776
0.677456 0.073024 0.093776
0.677456 0.073024 0.093776
0.677456 0.073024 0.093776
0.677456 0.073024 0.093776
0.677456 0.073024 0.093776
0.677456 0.073024 0.093776
0.677456 0.073024 0.093776
0.677456 0.073024 0.093776
0.680425 0.074764 0.093699
0.680425 0.074764 0.093699
0.680425 0.074764 0.093699
0.680425 0.074764 0.093699
0.680425 0.074764 0.093699
0.680425 0.074764 0.093699
0.680425 0.074764 0.093699
0.680425 0.074764 0.093699
0.680425 0.074764 0.093699
0.680425 0.074764 0.093699
0.681719 0.076035 0.093663
0.681719 0.076035 0.093663
0.681719 0.076035 0.093663
0.681719 0.076035 0.093663
0.681719 0.076035 0.093663
0.681719 0.076035 0.093663
0.681719 0.076035 0.093663
0.683520 0.077223 0.093604
0.683520 0.077223 0.093604
0.683520 0.077223 0.093604
0.683520 0.077223 0.093604
0.683520 0.077223 0.093604
0.683520 0.077223 0.093604
0.683234 0.080215 0.093552
0.683234 0.080215 0.093552
0.683234 0.080215 0.093552
0.683234 0.080215 0.093552
0.687182 0.080612 0.093443
0.687182 0.080612 0.093443
0.687182 0.080612 0.093443
0.687182 0.080612 0.093443
0.687182 0.080612 0.093443
0.687182 0.080612 0.093443
0.687182 0.080612 0.093443
0.686186 0.082404 0.093435
0.686186 0.082404 0.093435
0.686186 0.082404 0.093435
0.686186 0.082404 0.093435
0.686186 0.082404 0.093435
0.686186 0.082404 0.093435
0.689760 0.085097 0.093250
0.689760 0.085097 0.093250
0.689760 0.085097 0.093250
0.689760 0.085097 0.093250
0.689760 0.085097 0.093250
0.689760 0.085097 0.093250
0.689760 0.085097 0.093250
0.689760 0.085097 0.093250
0.689760 0.085097 0.093250
0.689760 0.085097 0.093250
0.692357 0.084661 0.093169
0.692357 0.084661 0.093169
0.692357 0.084661 0.093169
0.692357 0.084661 0.093169
0.692357 0.084661 0.093169
0.692357 0.084661 0.093169
0.692357 0.084661 0.093169
0.693050 0.084715 0.093142
0.693050 0.084715 0.093142
0.693050 0.084715 0.093142
0.691722 0.088387 0.093068
0.691722 0.088387 0.093068
0.691722 0.088387 0.093068
0.691722 0.088387 0.093068
0.691722 0.088387 0.093068
0.691722 0.088387 0.093068
0.691722 0.088387 0.093068
0.696514 0.090860 0.092693
0.696514 0.090860 0.092693
0.696514 0.090860 0.092693
0.696514 0.090860 0.092693
0.696514 0.090860 0.092693
0.696514 0.090860 0.092693
0.696514 0.090860 0.092693
0.696514 0.090860 0.092693
0.696514 0.090860 0.092693
0.696514 0.090860 0.092693
0.697467 0.091664 0.092601
0.697467 0.091664 0.092601
0.697467 0.091664 0.092601
0.699610 0.091675 0.092471
0.699610 0.091675 0.092471
0.699610 0.091675 0.092471
0.699610 0.091675 0.092471
0.699610 0.091675 0.092471
0.699610 0.091675 0.092471
0.699610 0.091675 0.092471
0.701335 0.092637 0.092309
0.701335 0.092637 0.092309
0.701335 0.092637 0.092309
0.701335 0.092637 0.092309
0.701335 0.092637 0.092309
0.701335 0.092637 0.092309
0.701335 0.092637 0.092309
0.703139 0.095150 0.092068
0.703139 0.095150 0.092068
0.703139 0.095150 0.092068
0.703139 0.095150 0.092068
0.703139 0.095150 0.092068
0.703139 0.095150 0.092068
0.703894 0.096611 0.091929
0.703894 0.096611 0.091929
0.703894 0.096611 0.091929
0.703894 0.096611 0.091929
0.703894 0.096611 0.091929
0.703894 0.096611 0.091929
0.703894 0.096611 0.091929
0.703894 0.096611 0.091929
0.703894 0.096611 0.091929
0.703894 0.096611 0.091929
0.705898 0.099448 0.091620
0.705898 0.099448 0.091620
0.705898 0.099448 0.091620
0.705898 0.099448 0.091620
0.705898 0.099448 0.091620
0.705898 0.099448 0.091620
0.705898 0.099448 0.091620
0.705898 0.099448 0.091620
0.705898 0.099448 0.091620
0.705898 0.099448 0.091620
0.710164 0.099197 0.091335
0.710164 0.099197 0.091335
0.710164 0.099197 0.091335
0.710164 0.099197 0.091335
0.710164 0.099197 0.091335
0.710164 0.099197 0.091335
0.710164 0.099197 0.091335
0.710707 0.100163 0.091225
0.710707 0.100163 0.091225
0.710707 0.100163 0.091225
0.711520 0.101901 0.091042
0.711520 0.101901 0.091042
0.711520 0.101901 0.091042
0.711520 0.101901 0.091042
0.711520 0.101901 0.091042
0.711520 0.101901 0.091042
0.711520 0.101901 0.091042
0.711520 0.101901 0.091042
0.711520 0.101901 0.091042
0.711520 0.101901 0.091042
0.713998 0.102947 0.090774
0.713998 0.102947 0.090774
0.713998 0.102947 0.090774
0.713998 0.102947 0.090774
0.714458 0.105849 0.090543
0.714458 0.105849 0.090543
0.714458 0.105849 0.090543
0.714458 0.105849 0.090543
0.714458 0.105849 0.090543
0.714458 0.105849 0.090543
0.714458 0.105849 0.090543
0.714458 0.105849 0.090543
0.714458 0.105849 0.090543
0.717087 0.107147 0.090250
0.717087 0.107147 0.090250
0.717087 0.107147 0.090250
0.717087 0.107147 0.090250
0.717087 0.107147 0.090250
0.717087 0.107147 0.090250
0.717087 0.107147 0.090250
0.717395 0.111832 0.089918
0.717395 0.111832 0.089918
0.717395 0.111832 0.089918
0.717395 0.111832 0.089918
0.717395 0.111832 0.089918
0.717395 0.111832 0.089918
0.717395 0.111832 0.089918
0.720070 0.112952 0.089502
0.720070 0.112952 0.089502
0.720070 0.112952 0.089502
0.720070 0.112952 0.089502
0.720070 0.112952 0.089502
0.720070 0.112952 0.089502
0.720070 0.112952 0.089502
0.720070 0.112952 0.089502
0.720070 0.112952 0.089502
0.720070 0.112952 0.089502
0.720070 0.112952 0.089502
0.720070 0.112952 0.089502
0.720070 0.112952 0.089502
0.723191 0.114802 0.089006
0.723191 0.114802 0.089006
0.723191 0.114802 0.089006
0.723191 0.114802 0.089006
0.723191 0.114802 0.089006
0.723191 0.114802 0.089006
0.723191 0.114802 0.089006
0.724027 0.114921 0.088919
0.724027 0.114921 0.088919
0.724027 0.114921 0.088919
0.724027 0.114921 0.088919
0.724027 0.114921 0.088919
0.724027 0.114921 0.088919
0.724027 0.114921 0.088919
0.725936 0.115798 0.088651
0.725936 0.115798 0.088651
0.725936 0.115798 0.088651
0.725936 0.115798 0.088651
0.725936 0.115798 0.088651
0.725936 0.115798 0.088651
0.725936 0.115798 0.088651
0.725936 0.115798 0.088651
0.725936 0.115798 0.088651
0.725936 0.115798 0.088651
0.725936 0.115798 0.088651
0.725936 0.115798 0.088651
0.725936 0.115798 0.088651
0.727123 0.118179 0.088306
0.727123 0.118179 0.088306
0.727123 0.118179 0.088306
0.727123 0.118179 0.088306
0.727123 0.118179 0.088306
0.727123 0.118179 0.088306
0.727123 0.118179 0.088306
0.727123 0.118179 0.088306
0.727123 0.118179 0.088306
0.727123 0.118179 0.088306
0.727123 0.118179 0.088306
0.727123 0.118179 0.088306
0.727123 0.118179 0.088306
0.728917 0.120021 0.087972
0.728917 0.120021 0.087972
0.728917 0.120021 0.087972
0.728917 0.120021 0.087972
0.728917 0.120021 0.087972
0.728917 0.120021 0.087972
0.728917 0.120021 0.087972
0.728917 0.120021 0.087972
0.728917 0.120021 0.087972
0.728917 0.120021 0.087972
0.728917 0.120021 0.087972
0.728917 0.120021 0.087972
0.728917 0.120021 0.087972
0.730371 0.121938 0.087589
0.730371 0.121938 0.087589
0.730371 0.121938 0.087589
0.730371 0.121938 0.087589
0.731422 0.122898 0.087371
0.731422 0.122898 0.087371
0.731422 0.122898 0.087371
0.731422 0.122898 0.087371
0.731422 0.122898 0.087371
0.731422 0.122898 0.087371
0.731422 0.122898 0.087371
0.731422 0.122898 0.087371
0.731422 0.122898 0.087371
0.731422 0.122898 0.087371
0.733180 0.125651 0.086881
0.733180 0.125651 0.086881
0.733180 0.125651 0.086881
0.733180 0.125651 0.086881
0.733180 0.125651 0.086881
0.733180 0.125651 0.086881
0.735632 0.125308 0.086624
0.735632 0.125308 0.086624
0.735632 0.125308 0.086624
0.735632 0.125308 0.086624
0.735632 0.125308 0.086624
0.735632 0.125308 0.086624
0.735632 0.125308 0.086624
0.735632 0.125308 0.086624
0.735632 0.125308 0.086624
0.735632 0.125308 0.086624
0.735632 0.125308 0.086624
0.735632 0.125308 0.086624
0.735632 0.125308 0.086624
0.735632 0.125308 0.086624
0.735632 0.125308 0.086624
0.735632 0.125308 0.086624
0.735632 0.125308 0.086624
0.736070 0.129124 0.086096
0.736070 0.129124 0.086096
0.736070 0.129124 0.086096
0.739372 0.128025 0.085846
0.739372 0.128025 0.085846
0.739372 0.128025 0.085846
0.739372 0.128025 0.085846
0.739372 0.128025 0.085846
0.739372 0.128025 0.085846
0.739372 0.128025 0.085846
0.739372 0.128025 0.085846
0.739372 0.128025 0.085846
0.739372 0.128025 0.085846
0.739566 0.127967 0.085831
0.739566 0.127967 0.085831
0.739566 0.127967 0.085831
0.739566 0.127967 0.085831
0.739789 0.132542 0.085091
0.739789 0.132542 0.085091
0.739789 0.132542 0.085091
0.739789 0.132542 0.085091
0.739789 0.132542 0.085091
0.739789 0.132542 0.085091
0.739789 0.132542 0.085091
0.739789 0.132542 0.085091
0.739789 0.132542 0.085091
0.739789 0.132542 0.085091
0.743489 0.130695 0.084726
0.743489 0.130695 0.084726
0.743489 0.130695 0.084726
0.745306 0.133615 0.083950
0.745306 0.133615 0.083950
0.745306 0.133615 0.083950
0.745231 0.134176 0.083874
0.745231 0.134176 0.083874
0.745231 0.134176 0.083874
0.745231 0.134176 0.083874
0.745231 0.134176 0.083874
0.745231 0.134176 0.083874
0.745231 0.134176 0.083874
0.745231 0.134176 0.083874
0.745231 0.134176 0.083874
0.745231 0.134176 0.083874
0.745231 0.134176 0.083874
0.745231 0.134176 0.083874
0.745231 0.134176 0.083874
0.745231 0.134176 0.083874
0.745231 0.134176 0.083874
0.745231 0.134176 0.083874
0.745231 0.134176 0.083874
0.745231 0.134176 0.083874
0.745231 0.134176 0.083874
0.745231 0.134176 0.083874
0.745231 0.134176 0.083874
0.745231 0.134176 0.083874
0.745231 0.134176 0.083874
0.745231 0.134176 0.083874
0.745231 0.134176 0.083874
0.745231 0.134176 0.083874
0.745231 0.134176 0.083874
0.745231 0.134176 0.083874
0.745231 0.134176 0.083874
0.745231 0.134176 0.083874
0.745231 0.134176 0.083874
0.745231 0.134176 0.083874
0.745231 0.134176 0.083874
0.745231 0.134176 0.083874
0.745231 0.134176 0.083874
0.745231 0.134176 0.083874
0.745231 0.134176 0.083874
0.745231 0.134176 0.083874
0.745231 0.134176 0.083874
0.745231 0.134176 0.083874
0.745231 0.134176 0.083874
0.745231 0.134176 0.083874
0.745231 0.134176 0.083874
0.745231 0.134176 0.083874
0.745231 0.134176 0.083874
0.745231 0.134176 0.083874
0.745231 0.134176 0.083874
0.745231 0.134176 0.083874
0.745231 0.134176 0.083874
0.745231 0.134176 0.083874
0.745231 0.134176 0.083874
0.745231 0.134176 0.083874
0.745231 0.134176 0.083874
0.745231 0.134176 0.083874
0.745231 0.134176 0.083874
0.745231 0.134176 0.083874
0.745231 0.134176 0.083874
0.745231 0.134176 0.083874
0.745231 0.134176 0.083874
0.745231 0.134176 0.083874
0.745231 0.134176 0.083874
0.745231 0.134176 0.083874
0.745231 0.134176 0.083874
0.745231 0.134176 0.083874
0.745231 0.134176 0.083874
0.745231 0.134176 0.083874
0.745231 0.134176 0.083874
0.745231 0.134176 0.083874
0.745231 0.134176 0.083874
0.745231 0.134176 0.083874
0.745231 0.134176 0.083874
0.745231 0.134176 0.083874
0.745231 0.134176 0.083874
0.745231 0.134176 0.083874
0.745231 0.134176 0.083874
0.745231 0.134176 0.083874
0.745231 0.134176 0.083874
0.745231 0.134176 0.083874
0.745231 0.134176 0.083874
0.745231 0.134176 0.083874
0.745231 0.134176 0.083874
0.745231 0.134176 0.083874
0.745231 0.134176 0.083874
0.745231 0.134176 0.083874
0.745231 0.134176 0.083874
0.745231 0.134176 0.083874
0.745231 0.134176 0.083874
0.745231 0.134176 0.083874
0.745231 0.134176 0.083874
0.745231 0.134176 0.083874
0.745231 0.134176 0.083874
0.745231 0.134176 0.083874
0.745231 0.134176 0.083874
0.745231 0.134176 0.083874
0.745231 0.134176 0.083874
0.745231 0.134176 0.083874
0.745231 0.134176 0.083874
0.745231 0.134176 0.083874
0.745231 0.134176 0.083874
0.745231 0.134176 0.083874
0.745231 0.134176 0.083874
0.745231 0.134176 0.083874
0.745231 0.134176 0.083874
0.745231 0.134176 0.083874
0.745231 0.134176 0.083874
0.745231 0.134176 0.083874
0.745231 0.134176 0.083874
0.745231 0.134176 0.083874
0.745231 0.134176 0.083874
0.745231 0.134176 0.083874
0.745231 0.134176 0.083874
0.745231 0.134176 0.083874
0.745231 0.134176 0.083874
0.745231 0.134176 0.083874
0.745231 0.134176 0.083874
0.745231 0.134176 0.083874
0.745231 0.134176 0.083874
0.745231 0.134176 0.083874
0.745231 0.134176 0.083874
0.745231 0.134176 0.083874
0.745231 0.134176 0.083874
0.745231 0.134176 0.083874
0.745231 0.134176 0.083874
0.745231 0.134176 0.083874
0.745231 0.134176 0.083874
0.745231 0.134176 0.083874
0.745231 0.134176 0.083874
0.745231 0.134176 0.083874
0.745231 0.134176 0.083874
0.745231 0.134176 0.083874
0.745231 0.134176 0.083874
0.745231 0.134176 0.083874
0.745231 0.134176 0.083874
0.745231 0.134176 0.083874
0.745231 0.134176 0.083874
0.745231 0.134176 0.083874
0.745231 0.134176 0.083874
0.745231 0.134176 0.083874
0.745231 0.134176 0.083874
0.745231 0.134176 0.083874
0.745231 0.134176 0.083874
0.745231 0.134176 0.083874
0.745231 0.134176 0.083874
0.745231 0.134176 0.083874
0.745231 0.134176 0.083874
0.745231 0.134176 0.083874
0.745231 0.134176 0.083874
0.745231 0.134176 0.083874
0.745231 0.134176 0.083874
0.745231 0.134176 0.083874
0.745231 0.134176 0.083874
0.745231 0.134176 0.083874
0.745231 0.134176 0.083874
0.745231 0.134176 0.083874
0.745231 0.134176 0.083874
0.745231 0.134176 0.083874
0.745231 0.134176 0.083874
0.745231 0.134176 0.083874
0.745231 0.134176 0.083874
0.745231 0.134176 0.083874
0.745231 0.134176 0.083874
0.745231 0.134176 0.083874
0.745231 0.134176 0.083874
0.745231 0.134176 0.083874
0.745231 0.134176 0.083874
0.745231 0.134176 0.083874
0.745231 0.134176 0.083874
0.745231 0.134176 0.083874
0.745231 0.134176 0.083874
0.745231 0.134176 0.083874
0.745231 0.134176 0.083874
0.745231 0.134176 0.083874
0.745231 0.134176 0.083874
0.745231 0.134176 0.083874
0.745231 0.134176 0.083874
0.745231 0.134176 0.083874
0.745231 0.134176 0.083874
0.745231 0.134176 0.083874
0.745231 0.134176 0.083874
0.745231 0.134176 0.083874
0.745231 0.134176 0.083874
0.745231 0.134176 0.083874
0.745231 0.134176 0.083874
0.745231 0.134176 0.083874
0.745231 0.134176 0.083874
0.745231 0.134176 0.083874
0.745231 0.134176 0.083874
0.745231 0.134176 0.083874
0.745231 0.134176 0.083874
0.745231 0.134176 0.083874
0.745231 0.134176 0.083874
0.745231 0.134176 0.083874
0.745231 0.134176 0.083874
0.745231 0.134176 0.083874
0.745231 0.134176 0.083874
0.745231 0.134176 0.083874
0.745231 0.134176 0.083874
0.745231 0.134176 0.083874
0.745231 0.134176 0.083874
0.745231 0.134176 0.083874
0.745231 0.134176 0.083874
0.745231 0.134176 0.083874
0.745231 0.134176 0.083874
0.745231 0.134176 0.083874
0.745231 0.134176 0.083874
0.745231 0.134176 0.083874
0.745231 0.134176 0.083874
0.745231 0.134176 0.083874
0.745231 0.134176 0.083874
0.745231 0.134176 0.083874
0.745231 0.134176 0.083874
0.745231 0.134176 0.083874
0.745231 0.134176 0.083874
0.745231 0.134176 0.083874
0.745231 0.134176 0.083874
0.745231 0.134176 0.083874
0.745231 0.134176 0.083874
0.745231 0.134176 0.083874
0.745231 0.134176 0.083874
0.745231 0.134176 0.083874
0.745231 0.134176 0.083874
0.745231 0.134176 0.083874
0.745231 0.134176 0.083874
0.745231 0.134176 0.083874
0.745231 0.134176 0.083874
0.745231 0.134176 0.083874
0.745231 0.134176 0.083874
0.745231 0.134176 0.083874
0.745231 0.134176 0.083874
0.745231 0.134176 0.083874
0.745231 0.134176 0.083874
0.745231 0.134176 0.083874
0.745231 0.134176 0.083874
0.745231 0.134176 0.083874
0.745231 0.134176 0.083874
0.745231 0.134176 0.083874
0.745231 0.134176 0.083874
0.745231 0.134176 0.083874
0.745231 0.134176 0.083874
0.745231 0.134176 0.083874
0.745231 0.134176 0.083874
0.745231 0.134176 0.083874
0.745231 0.134176 0.083874
0.745231 0.134176 0.083874
0.745231 0.134176 0.083874
0.745231 0.134176 0.083874
0.745231 0.134176 0.083874
0.745231 0.134176 0.083874
0.745231 0.134176 0.083874
0.745231 0.134176 0.083874
0.745231 0.134176 0.083874
0.745231 0.134176 0.083874
0.745231 0.134176 0.083874
0.745231 0.134176 0.083874
0.745231 0.134176 0.083874
0.745231 0.134176 0.083874
0.745231 0.134176 0.083874
0.745231 0.134176 0.083874
0.745231 0.134176 0.083874
0.745231 0.134176 0.083874
0.745231 0.134176 0.083874
0.745231 0.134176 0.083874
0.745231 0.134176 0.083874
0.745231 0.134176 0.083874
0.745231 0.134176 0.083874
0.745231 0.134176 0.083874
0.745231 0.134176 0.083874
0.745231 0.134176 0.083874
0.745231 0.134176 0.083874
0.745231 0.134176 0.083874
0.745231 0.134176 0.083874
0.745231 0.134176 0.083874
0.745231 0.134176 0.083874
0.745231 0.134176 0.083874
0.745231 0.134176 0.083874
0.745231 0.134176 0.083874
0.745231 0.134176 0.083874
0.745231 0.134176 0.083874
0.745231 0.134176 0.083874
0.745231 0.134176 0.083874
0.745231 0.134176 0.083874
0.745231 0.134176 0.083874
0.745231 0.134176 0.083874
0.745231 0.134176 0.083874
0.745231 0.134176 0.083874
0.745231 0.134176 0.083874
0.745231 0.134176 0.083874
0.745231 0.134176 0.083874
0.745231 0.134176 0.083874
0.745231 0.134176 0.083874
0.745231 0.134176 0.083874
0.745231 0.134176 0.083874
0.745231 0.134176 0.083874
0.745231 0.134176 0.083874
0.745231 0.134176 0.083874
0.745231 0.134176 0.083874
0.745231 0.134176 0.083874
0.745231 0.134176 0.083874
0.745231 0.134176 0.083874
0.745231 0.134176 0.083874
0.745231 0.134176 0.083874
0.745231 0.134176 0.083874
0.745231 0.134176 0.083874
0.745231 0.134176 0.083874
0.745231 0.134176 0.083874
0.745231 0.134176 0.083874
0.745231 0.134176 0.083874
0.745231 0.134176 0.083874
0.745231 0.134176 0.083874
0.745231 0.134176 0.083874
0.745231 0.134176 0.083874
0.745231 0.134176 0.083874
0.745231 0.134176 0.083874
0.745231 0.134176 0.083874
0.745231 0.134176 0.083874
0.745231 0.134176 0.083874
0.745231 0.134176 0.083874
0.745231 0.134176 0.083874
0.745231 0.134176 0.083874
0.745231 0.134176 0.083874
0.745231 0.134176 0.083874
0.745231 0.134176 0.083874
0.745231 0.134176 0.083874
0.745231 0.134176 0.083874
0.745231 0.134176 0.083874
0.745231 0.134176 0.083874
0.745231 0.134176 0.083874
0.745231 0.134176 0.083874
0.745231 0.134176 0.083874
0.745231 0.134176 0.083874
