0.817320 0.343670 0.006771
0.817320 0.343670 0.006771
0.817320 0.343670 0.006771
0.817418 0.343547 0.006726
0.817418 0.343547 0.006726
0.817418 0.343547 0.006726
0.817418 0.343547 0.006726
0.817372 0.343672 0.006766
0.817372 0.343672 0.006766
0.817372 0.343672 0.006766
0.817401 0.343517 0.006694
0.817401 0.343517 0.006694
0.817401 0.343517 0.006694
0.817361 0.343528 0.006716
0.817361 0.343528 0.006716
0.817361 0.343528 0.006716
0.817361 0.343528 0.006716
0.817332 0.343580 0.006695
0.817332 0.343580 0.006695
0.817332 0.343580 0.006695
0.817285 0.343567 0.006771
0.817285 0.343567 0.006771
0.817285 0.343567 0.006771
0.817356 0.343644 0.006788
0.817356 0.343644 0.006788
0.817356 0.343644 0.006788
0.817356 0.343644 0.006788
0.817329 0.343538 0.006775
0.817329 0.343538 0.006775
0.817329 0.343538 0.006775
0.817301 0.343539 0.006756
0.817301 0.343539 0.006756
0.817301 0.343539 0.006756
0.817189 0.343469 0.006803
0.817189 0.343469 0.006803
0.817189 0.343469 0.006803
0.817189 0.343469 0.006803
0.817264 0.343485 0.006885
0.817264 0.343485 0.006885
0.817264 0.343485 0.006885
0.817209 0.343446 0.006828
0.817209 0.343446 0.006828
0.817209 0.343446 0.006828
0.817256 0.343513 0.006812
0.817256 0.343513 0.006812
0.817256 0.343513 0.006812
0.817256 0.343513 0.006812
0.817396 0.343516 0.006816
0.817396 0.343516 0.006816
0.817396 0.343516 0.006816
0.817424 0.343717 0.006823
0.817424 0.343717 0.006823
0.817424 0.343717 0.006823
0.817500 0.343780 0.006861
0.817500 0.343780 0.006861
0.817500 0.343780 0.006861
0.817500 0.343780 0.006861
0.817567 0.343942 0.006931
0.817567 0.343942 0.006931
0.817567 0.343942 0.006931
0.817514 0.343953 0.006894
0.817514 0.343953 0.006894
0.817514 0.343953 0.006894
0.817552 0.343935 0.006971
0.817552 0.343935 0.006971
0.817552 0.343935 0.006971
0.817552 0.343935 0.006971
0.817726 0.344039 0.006852
0.817726 0.344039 0.006852
0.817726 0.344039 0.006852
0.817783 0.344082 0.006810
0.817783 0.344082 0.006810
0.817783 0.344082 0.006810
0.817925 0.344295 0.006865
0.817925 0.344295 0.006865
0.817925 0.344295 0.006865
0.817925 0.344295 0.006865
0.818051 0.344324 0.007057
0.818051 0.344324 0.007057
0.818051 0.344324 0.007057
0.818277 0.344547 0.007018
0.818277 0.344547 0.007018
0.818277 0.344547 0.007018
0.818414 0.344684 0.006931
0.818414 0.344684 0.006931
0.818414 0.344684 0.006931
0.818414 0.344684 0.006931
0.818641 0.344814 0.006830
0.818641 0.344814 0.006830
0.818641 0.344814 0.006830
0.818972 0.345104 0.006855
0.818972 0.345104 0.006855
0.818972 0.345104 0.006855
0.819537 0.345584 0.006921
0.819537 0.345584 0.006921
0.819537 0.345584 0.006921
0.819537 0.345584 0.006921
0.820313 0.346200 0.006822
0.820313 0.346200 0.006822
0.820313 0.346200 0.006822
0.821109 0.346778 0.006868
0.821109 0.346778 0.006868
0.821109 0.346778 0.006868
0.821109 0.346778 0.006868
0.821927 0.347513 0.006936
0.821927 0.347513 0.006936
0.821927 0.347513 0.006936
0.822963 0.348457 0.006938
0.822963 0.348457 0.006938
0.822963 0.348457 0.006938
0.824081 0.349356 0.006875
0.824081 0.349356 0.006875
0.824081 0.349356 0.006875
0.825028 0.350403 0.006777
0.825028 0.350403 0.006777
0.825028 0.350403 0.006777
0.825028 0.350403 0.006777
0.826066 0.351370 0.006854
0.826066 0.351370 0.006854
0.826066 0.351370 0.006854
0.826898 0.352186 0.006826
0.826898 0.352186 0.006826
0.826898 0.352186 0.006826
0.827606 0.352935 0.006798
0.827606 0.352935 0.006798
0.827606 0.352935 0.006798
0.827606 0.352935 0.006798
0.828245 0.353372 0.006736
0.828245 0.353372 0.006736
0.828245 0.353372 0.006736
0.828566 0.353889 0.006704
0.828566 0.353889 0.006704
0.828566 0.353889 0.006704
0.828888 0.354139 0.006779
0.828888 0.354139 0.006779
0.828888 0.354139 0.006779
0.828888 0.354139 0.006779
0.829022 0.354315 0.006746
0.829022 0.354315 0.006746
0.829022 0.354315 0.006746
0.829225 0.354446 0.006760
0.829225 0.354446 0.006760
0.829225 0.354446 0.006760
0.829225 0.354446 0.006760
0.829486 0.354647 0.006745
0.829486 0.354647 0.006745
0.829486 0.354647 0.006745
0.829757 0.354868 0.006706
0.829757 0.354868 0.006706
0.829757 0.354868 0.006706
0.830170 0.355227 0.006722
0.830170 0.355227 0.006722
0.830170 0.355227 0.006722
0.830506 0.355606 0.006706
0.830506 0.355606 0.006706
0.830506 0.355606 0.006706
0.830506 0.355606 0.006706
0.831053 0.355963 0.006659
0.831053 0.355963 0.006659
0.831053 0.355963 0.006659
0.831577 0.356520 0.006627
0.831577 0.356520 0.006627
0.831577 0.356520 0.006627
0.832122 0.356943 0.006708
0.832122 0.356943 0.006708
0.832122 0.356943 0.006708
0.832122 0.356943 0.006708
0.832659 0.357595 0.006723
0.832659 0.357595 0.006723
0.832659 0.357595 0.006723
0.833141 0.357979 0.006798
0.833141 0.357979 0.006798
0.833141 0.357979 0.006798
0.833569 0.358518 0.006684
0.833569 0.358518 0.006684
0.833569 0.358518 0.006684
0.833569 0.358518 0.006684
0.834101 0.359042 0.006744
0.834101 0.359042 0.006744
0.834101 0.359042 0.006744
0.834819 0.359676 0.006647
0.834819 0.359676 0.006647
0.834819 0.359676 0.006647
0.835551 0.360393 0.006645
0.835551 0.360393 0.006645
0.835551 0.360393 0.006645
0.835551 0.360393 0.006645
0.836200 0.361116 0.006686
0.836200 0.361116 0.006686
0.836200 0.361116 0.006686
0.837078 0.361773 0.006638
0.837078 0.361773 0.006638
0.837078 0.361773 0.006638
0.837923 0.362689 0.006620
0.837923 0.362689 0.006620
0.837923 0.362689 0.006620
0.837923 0.362689 0.006620
0.838689 0.363368 0.006567
0.838689 0.363368 0.006567
0.838689 0.363368 0.006567
0.839475 0.364102 0.006606
0.839475 0.364102 0.006606
0.839475 0.364102 0.006606
0.839475 0.364102 0.006606
0.840309 0.364789 0.006570
0.840309 0.364789 0.006570
0.840309 0.364789 0.006570
0.840989 0.365647 0.006542
0.840989 0.365647 0.006542
0.840989 0.365647 0.006542
0.841644 0.366408 0.006602
0.841644 0.366408 0.006602
0.841644 0.366408 0.006602
0.842423 0.367086 0.006622
0.842423 0.367086 0.006622
0.842423 0.367086 0.006622
0.842423 0.367086 0.006622
0.842991 0.367668 0.006536
0.842991 0.367668 0.006536
0.842991 0.367668 0.006536
0.843882 0.368517 0.006523
0.843882 0.368517 0.006523
0.843882 0.368517 0.006523
0.843882 0.368517 0.006523
0.844260 0.369211 0.006464
0.844260 0.369211 0.006464
0.844260 0.369211 0.006464
0.844933 0.369842 0.006447
0.844933 0.369842 0.006447
0.844933 0.369842 0.006447
0.845621 0.370384 0.006405
0.845621 0.370384 0.006405
0.845621 0.370384 0.006405
0.846219 0.371017 0.006435
0.846219 0.371017 0.006435
0.846219 0.371017 0.006435
0.846219 0.371017 0.006435
0.846937 0.371594 0.006590
0.846937 0.371594 0.006590
0.846937 0.371594 0.006590
0.847705 0.372328 0.006533
0.847705 0.372328 0.006533
0.847705 0.372328 0.006533
0.848370 0.372997 0.006512
0.848370 0.372997 0.006512
0.848370 0.372997 0.006512
0.848370 0.372997 0.006512
0.849031 0.373537 0.006493
0.849031 0.373537 0.006493
0.849031 0.373537 0.006493
0.849822 0.374367 0.006499
0.849822 0.374367 0.006499
0.849822 0.374367 0.006499
0.850468 0.375147 0.006455
0.850468 0.375147 0.006455
0.850468 0.375147 0.006455
0.850468 0.375147 0.006455
0.851152 0.375705 0.006362
0.851152 0.375705 0.006362
0.851152 0.375705 0.006362
0.851871 0.376397 0.006384
0.851871 0.376397 0.006384
0.851871 0.376397 0.006384
0.852650 0.377174 0.006348
0.852650 0.377174 0.006348
0.852650 0.377174 0.006348
0.852650 0.377174 0.006348
0.853422 0.377890 0.006379
0.853422 0.377890 0.006379
0.853422 0.377890 0.006379
0.854162 0.378574 0.006298
0.854162 0.378574 0.006298
0.854162 0.378574 0.006298
0.854808 0.379186 0.006428
0.854808 0.379186 0.006428
0.854808 0.379186 0.006428
0.854808 0.379186 0.006428
0.855648 0.380064 0.006371
0.855648 0.380064 0.006371
0.855648 0.380064 0.006371
0.856465 0.380703 0.006256
0.856465 0.380703 0.006256
0.856465 0.380703 0.006256
0.857337 0.381479 0.006236
0.857337 0.381479 0.006236
0.857337 0.381479 0.006236
0.857337 0.381479 0.006236
0.858232 0.382486 0.006246
0.858232 0.382486 0.006246
0.858232 0.382486 0.006246
0.859123 0.383225 0.006298
0.859123 0.383225 0.006298
0.859123 0.383225 0.006298
0.859123 0.383225 0.006298
0.860011 0.384146 0.006283
0.860011 0.384146 0.006283
0.860011 0.384146 0.006283
0.860990 0.384900 0.006296
0.860990 0.384900 0.006296
0.860990 0.384900 0.006296
0.861881 0.385859 0.006239
0.861881 0.385859 0.006239
0.861881 0.385859 0.006239
0.862748 0.386694 0.006217
0.862748 0.386694 0.006217
0.862748 0.386694 0.006217
0.862748 0.386694 0.006217
0.863705 0.387607 0.006252
0.863705 0.387607 0.006252
0.863705 0.387607 0.006252
0.864756 0.388521 0.006156
0.864756 0.388521 0.006156
0.864756 0.388521 0.006156
0.865651 0.389383 0.006222
0.865651 0.389383 0.006222
0.865651 0.389383 0.006222
0.865651 0.389383 0.006222
0.866663 0.390431 0.006180
0.866663 0.390431 0.006180
0.866663 0.390431 0.006180
0.867588 0.391292 0.006213
0.867588 0.391292 0.006213
0.867588 0.391292 0.006213
0.868509 0.392180 0.006240
0.868509 0.392180 0.006240
0.868509 0.392180 0.006240
0.868509 0.392180 0.006240
0.869558 0.393036 0.006288
0.869558 0.393036 0.006288
0.869558 0.393036 0.006288
0.870490 0.393836 0.006184
0.870490 0.393836 0.006184
0.870490 0.393836 0.006184
0.870490 0.393836 0.006184
0.871506 0.394629 0.006075
0.871506 0.394629 0.006075
0.871506 0.394629 0.006075
0.872506 0.395436 0.006020
0.872506 0.395436 0.006020
0.872506 0.395436 0.006020
0.873451 0.396421 0.006128
0.873451 0.396421 0.006128
0.873451 0.396421 0.006128
0.874344 0.397327 0.006075
0.874344 0.397327 0.006075
0.874344 0.397327 0.006075
0.874344 0.397327 0.006075
0.875210 0.398183 0.006135
0.875210 0.398183 0.006135
0.875210 0.398183 0.006135
0.876008 0.399030 0.006079
0.876008 0.399030 0.006079
0.876008 0.399030 0.006079
0.876956 0.399717 0.006090
0.876956 0.399717 0.006090
0.876956 0.399717 0.006090
0.876956 0.399717 0.006090
0.877836 0.400406 0.006060
0.877836 0.400406 0.006060
0.877836 0.400406 0.006060
0.878592 0.401169 0.006110
0.878592 0.401169 0.006110
0.878592 0.401169 0.006110
0.878592 0.401169 0.006110
0.879387 0.401918 0.006036
0.879387 0.401918 0.006036
0.879387 0.401918 0.006036
0.880194 0.402563 0.006059
0.880194 0.402563 0.006059
0.880194 0.402563 0.006059
0.881034 0.403400 0.005979
0.881034 0.403400 0.005979
0.881034 0.403400 0.005979
0.882014 0.404134 0.005910
0.882014 0.404134 0.005910
0.882014 0.404134 0.005910
0.882014 0.404134 0.005910
0.882830 0.404724 0.005832
0.882830 0.404724 0.005832
0.882830 0.404724 0.005832
0.883794 0.405549 0.005986
0.883794 0.405549 0.005986
0.883794 0.405549 0.005986
0.884556 0.406366 0.005993
0.884556 0.406366 0.005993
0.884556 0.406366 0.005993
0.884556 0.406366 0.005993
0.885579 0.407164 0.006035
0.885579 0.407164 0.006035
0.885579 0.407164 0.006035
0.886452 0.407889 0.005976
0.886452 0.407889 0.005976
0.886452 0.407889 0.005976
0.887229 0.408574 0.005994
0.887229 0.408574 0.005994
0.887229 0.408574 0.005994
0.887229 0.408574 0.005994
0.888017 0.409330 0.006034
0.888017 0.409330 0.006034
0.888017 0.409330 0.006034
0.888848 0.409950 0.006018
0.888848 0.409950 0.006018
0.888848 0.409950 0.006018
0.889657 0.410680 0.005984
0.889657 0.410680 0.005984
0.889657 0.410680 0.005984
0.889657 0.410680 0.005984
0.890527 0.411247 0.005953
0.890527 0.411247 0.005953
0.890527 0.411247 0.005953
0.891359 0.411919 0.005940
0.891359 0.411919 0.005940
0.891359 0.411919 0.005940
0.892042 0.412530 0.005963
0.892042 0.412530 0.005963
0.892042 0.412530 0.005963
0.892042 0.412530 0.005963
0.892589 0.413059 0.006081
0.892589 0.413059 0.006081
0.892589 0.413059 0.006081
0.893429 0.413765 0.005999
0.893429 0.413765 0.005999
0.893429 0.413765 0.005999
0.893429 0.413765 0.005999
0.893985 0.414273 0.005963
0.893985 0.414273 0.005963
0.893985 0.414273 0.005963
0.894528 0.414955 0.005904
0.894528 0.414955 0.005904
0.894528 0.414955 0.005904
0.895058 0.415355 0.005785
0.895058 0.415355 0.005785
0.895058 0.415355 0.005785
0.895820 0.416120 0.005916
0.895820 0.416120 0.005916
0.895820 0.416120 0.005916
0.896623 0.416757 0.005906
0.896623 0.416757 0.005906
0.896623 0.416757 0.005906
0.896623 0.416757 0.005906
0.897152 0.417320 0.005927
0.897152 0.417320 0.005927
0.897152 0.417320 0.005927
0.897152 0.417320 0.005927
0.897732 0.417813 0.005905
0.897732 0.417813 0.005905
0.897732 0.417813 0.005905
0.898476 0.418538 0.005845
0.898476 0.418538 0.005845
0.898476 0.418538 0.005845
0.899067 0.419059 0.005814
0.899067 0.419059 0.005814
0.899067 0.419059 0.005814
0.899826 0.419786 0.005787
0.899826 0.419786 0.005787
0.899826 0.419786 0.005787
0.899826 0.419786 0.005787
0.900500 0.420315 0.005781
0.900500 0.420315 0.005781
0.900500 0.420315 0.005781
0.901546 0.421121 0.005866
0.901546 0.421121 0.005866
0.901546 0.421121 0.005866
0.901546 0.421121 0.005866
0.902636 0.422202 0.005848
0.902636 0.422202 0.005848
0.902636 0.422202 0.005848
0.903753 0.423336 0.005803
0.903753 0.423336 0.005803
0.903753 0.423336 0.005803
0.904529 0.424001 0.005649
0.904529 0.424001 0.005649
0.904529 0.424001 0.005649
0.904529 0.424001 0.005649
0.905180 0.424553 0.005708
0.905180 0.424553 0.005708
0.905180 0.424553 0.005708
0.905495 0.424882 0.005606
0.905495 0.424882 0.005606
0.905495 0.424882 0.005606
0.905490 0.425050 0.005822
0.905490 0.425050 0.005822
0.905490 0.425050 0.005822
0.905490 0.425050 0.005822
0.905516 0.424894 0.005776
0.905516 0.424894 0.005776
0.905516 0.424894 0.005776
0.905584 0.424930 0.005759
0.905584 0.424930 0.005759
0.905584 0.424930 0.005759
0.905594 0.424816 0.005739
0.905594 0.424816 0.005739
0.905594 0.424816 0.005739
0.905594 0.424816 0.005739
0.905601 0.424810 0.005565
0.905601 0.424810 0.005565
0.905601 0.424810 0.005565
0.905443 0.424892 0.005678
0.905443 0.424892 0.005678
0.905443 0.424892 0.005678
0.905370 0.424813 0.005753
0.905370 0.424813 0.005753
0.905370 0.424813 0.005753
0.905370 0.424813 0.005753
0.905449 0.424649 0.005679
0.905449 0.424649 0.005679
0.905449 0.424649 0.005679
0.905551 0.424551 0.005613
0.905551 0.424551 0.005613
0.905551 0.424551 0.005613
0.905960 0.424343 0.005603
0.905960 0.424343 0.005603
0.905960 0.424343 0.005603
0.905960 0.424343 0.005603
0.905971 0.424319 0.005614
0.905971 0.424319 0.005614
0.905971 0.424319 0.005614
0.906331 0.424138 0.005617
0.906331 0.424138 0.005617
0.906331 0.424138 0.005617
0.906831 0.423522 0.005781
0.906831 0.423522 0.005781
0.906831 0.423522 0.005781
0.906831 0.423522 0.005781
0.907679 0.422957 0.005819
0.907679 0.422957 0.005819
0.907679 0.422957 0.005819
0.908504 0.422555 0.005705
0.908504 0.422555 0.005705
0.908504 0.422555 0.005705
0.909170 0.422044 0.005557
0.909170 0.422044 0.005557
0.909170 0.422044 0.005557
0.909170 0.422044 0.005557
0.910139 0.421482 0.005601
0.910139 0.421482 0.005601
0.910139 0.421482 0.005601
0.910828 0.420877 0.005538
0.910828 0.420877 0.005538
0.910828 0.420877 0.005538
0.911671 0.420083 0.005506
0.911671 0.420083 0.005506
0.911671 0.420083 0.005506
0.911671 0.420083 0.005506
0.912678 0.419186 0.005540
0.912678 0.419186 0.005540
0.912678 0.419186 0.005540
0.913510 0.418433 0.005569
0.913510 0.418433 0.005569
0.913510 0.418433 0.005569
0.914394 0.417457 0.005557
0.914394 0.417457 0.005557
0.914394 0.417457 0.005557
0.914394 0.417457 0.005557
0.915329 0.416693 0.005591
0.915329 0.416693 0.005591
0.915329 0.416693 0.005591
0.915892 0.415988 0.005589
0.915892 0.415988 0.005589
0.915892 0.415988 0.005589
0.916792 0.415182 0.005559
0.916792 0.415182 0.005559
0.916792 0.415182 0.005559
0.917552 0.414219 0.005457
0.917552 0.414219 0.005457
0.917552 0.414219 0.005457
0.917552 0.414219 0.005457
0.918353 0.413483 0.005634
0.918353 0.413483 0.005634
0.918353 0.413483 0.005634
0.919115 0.412634 0.005604
0.919115 0.412634 0.005604
0.919115 0.412634 0.005604
0.919115 0.412634 0.005604
0.920078 0.411832 0.005609
0.920078 0.411832 0.005609
0.920078 0.411832 0.005609
0.920923 0.410998 0.005499
0.920923 0.410998 0.005499
0.920923 0.410998 0.005499
0.921950 0.410291 0.005360
0.921950 0.410291 0.005360
0.921950 0.410291 0.005360
0.922637 0.409570 0.005357
0.922637 0.409570 0.005357
0.922637 0.409570 0.005357
0.922637 0.409570 0.005357
0.923505 0.408657 0.005435
0.923505 0.408657 0.005435
0.923505 0.408657 0.005435
0.924252 0.407872 0.005362
0.924252 0.407872 0.005362
0.924252 0.407872 0.005362
0.924252 0.407872 0.005362
0.924911 0.407119 0.005490
0.924911 0.407119 0.005490
0.924911 0.407119 0.005490
0.925715 0.406660 0.005539
0.925715 0.406660 0.005539
0.925715 0.406660 0.005539
0.926434 0.405922 0.005452
0.926434 0.405922 0.005452
0.926434 0.405922 0.005452
0.927095 0.405344 0.005482
0.927095 0.405344 0.005482
0.927095 0.405344 0.005482
0.927095 0.405344 0.005482
0.927861 0.404707 0.005701
0.927861 0.404707 0.005701
0.927861 0.404707 0.005701
0.928354 0.403997 0.005687
0.928354 0.403997 0.005687
0.928354 0.403997 0.005687
0.928354 0.403997 0.005687
0.929086 0.403341 0.005603
0.929086 0.403341 0.005603
0.929086 0.403341 0.005603
0.929810 0.402734 0.005621
0.929810 0.402734 0.005621
0.929810 0.402734 0.005621
0.930665 0.401849 0.005602
0.930665 0.401849 0.005602
0.930665 0.401849 0.005602
0.930665 0.401849 0.005602
0.931465 0.401210 0.005469
0.931465 0.401210 0.005469
0.931465 0.401210 0.005469
0.932347 0.400559 0.005405
0.932347 0.400559 0.005405
0.932347 0.400559 0.005405
0.933165 0.399865 0.005467
0.933165 0.399865 0.005467
0.933165 0.399865 0.005467
0.933165 0.399865 0.005467
0.933978 0.399155 0.005561
0.933978 0.399155 0.005561
0.933978 0.399155 0.005561
0.934789 0.398372 0.005535
0.934789 0.398372 0.005535
0.934789 0.398372 0.005535
0.935295 0.397687 0.005574
0.935295 0.397687 0.005574
0.935295 0.397687 0.005574
0.935295 0.397687 0.005574
0.935797 0.397488 0.005496
0.935797 0.397488 0.005496
0.935797 0.397488 0.005496
0.935803 0.397410 0.005477
0.935803 0.397410 0.005477
0.935803 0.397410 0.005477
0.935739 0.397390 0.005476
0.935739 0.397390 0.005476
0.935739 0.397390 0.005476
0.935739 0.397390 0.005476
0.935787 0.397282 0.005443
0.935787 0.397282 0.005443
0.935787 0.397282 0.005443
0.935799 0.397457 0.005477
0.935799 0.397457 0.005477
0.935799 0.397457 0.005477
0.935735 0.397341 0.005401
0.935735 0.397341 0.005401
0.935735 0.397341 0.005401
0.935735 0.397341 0.005401
0.935676 0.397374 0.005454
0.935676 0.397374 0.005454
0.935676 0.397374 0.005454
0.935626 0.397387 0.005437
0.935626 0.397387 0.005437
0.935626 0.397387 0.005437
0.935546 0.397392 0.005463
0.935546 0.397392 0.005463
0.935546 0.397392 0.005463
0.935360 0.397308 0.005522
0.935360 0.397308 0.005522
0.935360 0.397308 0.005522
0.935360 0.397308 0.005522
0.935243 0.397298 0.005689
0.935243 0.397298 0.005689
0.935243 0.397298 0.005689
0.935079 0.397211 0.005701
0.935079 0.397211 0.005701
0.935079 0.397211 0.005701
0.934961 0.397081 0.005726
0.934961 0.397081 0.005726
0.934961 0.397081 0.005726
0.934961 0.397081 0.005726
0.934900 0.397020 0.005757
0.934900 0.397020 0.005757
0.934900 0.397020 0.005757
0.934897 0.396911 0.005745
0.934897 0.396911 0.005745
0.934897 0.396911 0.005745
0.934855 0.396801 0.005748
0.934855 0.396801 0.005748
0.934855 0.396801 0.005748
0.934855 0.396801 0.005748
0.934786 0.396552 0.005803
0.934786 0.396552 0.005803
0.934786 0.396552 0.005803
0.934720 0.396405 0.005805
0.934720 0.396405 0.005805
0.934720 0.396405 0.005805
0.934489 0.396302 0.005894
0.934489 0.396302 0.005894
0.934489 0.396302 0.005894
0.934489 0.396302 0.005894
0.934289 0.396080 0.005932
0.934289 0.396080 0.005932
0.934289 0.396080 0.005932
0.934076 0.395662 0.005959
0.934076 0.395662 0.005959
0.934076 0.395662 0.005959
0.933517 0.394830 0.006030
0.933517 0.394830 0.006030
0.933517 0.394830 0.006030
0.933517 0.394830 0.006030
0.932811 0.393610 0.005917
0.932811 0.393610 0.005917
0.932811 0.393610 0.005917
0.932019 0.392515 0.005958
0.932019 0.392515 0.005958
0.932019 0.392515 0.005958
0.931173 0.391371 0.005956
0.931173 0.391371 0.005956
0.931173 0.391371 0.005956
0.931173 0.391371 0.005956
0.930161 0.390096 0.005932
0.930161 0.390096 0.005932
0.930161 0.390096 0.005932
0.929155 0.388738 0.006010
0.929155 0.388738 0.006010
0.929155 0.388738 0.006010
0.928142 0.387484 0.005962
0.928142 0.387484 0.005962
0.928142 0.387484 0.005962
0.928142 0.387484 0.005962
0.927041 0.386174 0.005978
0.927041 0.386174 0.005978
0.927041 0.386174 0.005978
0.925914 0.384959 0.005985
0.925914 0.384959 0.005985
0.925914 0.384959 0.005985
0.924809 0.383937 0.006154
0.924809 0.383937 0.006154
0.924809 0.383937 0.006154
0.924809 0.383937 0.006154
0.923853 0.382873 0.006069
0.923853 0.382873 0.006069
0.923853 0.382873 0.006069
0.922736 0.381763 0.006089
0.922736 0.381763 0.006089
0.922736 0.381763 0.006089
0.921618 0.380725 0.006113
0.921618 0.380725 0.006113
0.921618 0.380725 0.006113
0.921618 0.380725 0.006113
0.920480 0.379807 0.006094
0.920480 0.379807 0.006094
0.920480 0.379807 0.006094
0.919482 0.378750 0.006195
0.919482 0.378750 0.006195
0.919482 0.378750 0.006195
0.918353 0.377678 0.006144
0.918353 0.377678 0.006144
0.918353 0.377678 0.006144
0.918353 0.377678 0.006144
0.917329 0.376655 0.006235
0.917329 0.376655 0.006235
0.917329 0.376655 0.006235
0.916104 0.375836 0.006296
0.916104 0.375836 0.006296
0.916104 0.375836 0.006296
0.915250 0.374983 0.006194
0.915250 0.374983 0.006194
0.915250 0.374983 0.006194
0.915250 0.374983 0.006194
0.914301 0.373997 0.006152
0.914301 0.373997 0.006152
0.914301 0.373997 0.006152
0.913530 0.373180 0.006172
0.913530 0.373180 0.006172
0.913530 0.373180 0.006172
0.912598 0.372526 0.006228
0.912598 0.372526 0.006228
0.912598 0.372526 0.006228
0.912598 0.372526 0.006228
0.911708 0.371772 0.006221
0.911708 0.371772 0.006221
0.911708 0.371772 0.006221
0.910828 0.370997 0.006095
0.910828 0.370997 0.006095
0.910828 0.370997 0.006095
0.910053 0.370270 0.006124
0.910053 0.370270 0.006124
0.910053 0.370270 0.006124
0.910053 0.370270 0.006124
0.909239 0.369486 0.006227
0.909239 0.369486 0.006227
0.909239 0.369486 0.006227
0.908351 0.368591 0.006258
0.908351 0.368591 0.006258
0.908351 0.368591 0.006258
0.907522 0.367776 0.006289
0.907522 0.367776 0.006289
0.907522 0.367776 0.006289
0.907522 0.367776 0.006289
0.906693 0.367002 0.006330
0.906693 0.367002 0.006330
0.906693 0.367002 0.006330
0.905717 0.366084 0.006274
0.905717 0.366084 0.006274
0.905717 0.366084 0.006274
0.904835 0.365225 0.006230
0.904835 0.365225 0.006230
0.904835 0.365225 0.006230
0.904835 0.365225 0.006230
0.903897 0.364298 0.006305
0.903897 0.364298 0.006305
0.903897 0.364298 0.006305
0.902984 0.363419 0.006221
0.902984 0.363419 0.006221
0.902984 0.363419 0.006221
0.902174 0.362483 0.006178
0.902174 0.362483 0.006178
0.902174 0.362483 0.006178
0.902174 0.362483 0.006178
0.901212 0.361690 0.006304
0.901212 0.361690 0.006304
0.901212 0.361690 0.006304
0.900274 0.360845 0.006249
0.900274 0.360845 0.006249
0.900274 0.360845 0.006249
0.900274 0.360845 0.006249
0.899340 0.359980 0.006332
0.899340 0.359980 0.006332
0.899340 0.359980 0.006332
0.898532 0.358882 0.006296
0.898532 0.358882 0.006296
0.898532 0.358882 0.006296
0.897704 0.358196 0.006445
0.897704 0.358196 0.006445
0.897704 0.358196 0.006445
0.897704 0.358196 0.006445
0.897013 0.357388 0.006309
0.897013 0.357388 0.006309
0.897013 0.357388 0.006309
0.896226 0.356490 0.006267
0.896226 0.356490 0.006267
0.896226 0.356490 0.006267
0.895318 0.355677 0.006336
0.895318 0.355677 0.006336
0.895318 0.355677 0.006336
0.895318 0.355677 0.006336
0.894276 0.354738 0.006444
0.894276 0.354738 0.006444
0.894276 0.354738 0.006444
0.893293 0.353619 0.006504
0.893293 0.353619 0.006504
0.893293 0.353619 0.006504
0.892239 0.352589 0.006520
0.892239 0.352589 0.006520
0.892239 0.352589 0.006520
0.892239 0.352589 0.006520
0.891338 0.351511 0.006563
0.891338 0.351511 0.006563
0.891338 0.351511 0.006563
0.890248 0.350679 0.006506
0.890248 0.350679 0.006506
0.890248 0.350679 0.006506
0.889345 0.349808 0.006566
0.889345 0.349808 0.006566
0.889345 0.349808 0.006566
0.888442 0.348899 0.006509
0.888442 0.348899 0.006509
0.888442 0.348899 0.006509
0.888442 0.348899 0.006509
0.887623 0.348031 0.006447
0.887623 0.348031 0.006447
0.887623 0.348031 0.006447
0.886678 0.347087 0.006475
0.886678 0.347087 0.006475
0.886678 0.347087 0.006475
0.885753 0.346146 0.006519
0.885753 0.346146 0.006519
0.885753 0.346146 0.006519
0.885753 0.346146 0.006519
0.884740 0.345167 0.006534
0.884740 0.345167 0.006534
0.884740 0.345167 0.006534
0.883568 0.344104 0.006490
0.883568 0.344104 0.006490
0.883568 0.344104 0.006490
0.882583 0.342915 0.006481
0.882583 0.342915 0.006481
0.882583 0.342915 0.006481
0.882583 0.342915 0.006481
0.881371 0.341639 0.006557
0.881371 0.341639 0.006557
0.881371 0.341639 0.006557
0.880303 0.340485 0.006569
0.880303 0.340485 0.006569
0.880303 0.340485 0.006569
0.878972 0.339369 0.006680
0.878972 0.339369 0.006680
0.878972 0.339369 0.006680
0.878972 0.339369 0.006680
0.877806 0.338039 0.006706
0.877806 0.338039 0.006706
0.877806 0.338039 0.006706
0.876699 0.336766 0.006633
0.876699 0.336766 0.006633
0.876699 0.336766 0.006633
0.875525 0.335547 0.006597
0.875525 0.335547 0.006597
0.875525 0.335547 0.006597
0.875525 0.335547 0.006597
0.874175 0.334354 0.006648
0.874175 0.334354 0.006648
0.874175 0.334354 0.006648
0.873090 0.333027 0.006673
0.873090 0.333027 0.006673
0.873090 0.333027 0.006673
0.873090 0.333027 0.006673
0.871993 0.331999 0.006735
0.871993 0.331999 0.006735
0.871993 0.331999 0.006735
0.870862 0.330966 0.006644
0.870862 0.330966 0.006644
0.870862 0.330966 0.006644
0.869859 0.329899 0.006772
0.869859 0.329899 0.006772
0.869859 0.329899 0.006772
0.868974 0.328803 0.006774
0.868974 0.328803 0.006774
0.868974 0.328803 0.006774
0.868974 0.328803 0.006774
0.868139 0.327941 0.006680
0.868139 0.327941 0.006680
0.868139 0.327941 0.006680
0.867495 0.327012 0.006702
0.867495 0.327012 0.006702
0.867495 0.327012 0.006702
0.866870 0.326361 0.006625
0.866870 0.326361 0.006625
0.866870 0.326361 0.006625
0.866870 0.326361 0.006625
0.866219 0.325812 0.006866
0.866219 0.325812 0.006866
0.866219 0.325812 0.006866
0.865713 0.325125 0.006919
0.865713 0.325125 0.006919
0.865713 0.325125 0.006919
0.865302 0.324502 0.006794
0.865302 0.324502 0.006794
0.865302 0.324502 0.006794
0.865302 0.324502 0.006794
0.864673 0.323829 0.006712
0.864673 0.323829 0.006712
0.864673 0.323829 0.006712
0.863964 0.323194 0.006788
0.863964 0.323194 0.006788
0.863964 0.323194 0.006788
0.863210 0.322395 0.006881
0.863210 0.322395 0.006881
0.863210 0.322395 0.006881
0.863210 0.322395 0.006881
0.862457 0.321658 0.006897
0.862457 0.321658 0.006897
0.862457 0.321658 0.006897
0.861889 0.320719 0.006853
0.861889 0.320719 0.006853
0.861889 0.320719 0.006853
0.861889 0.320719 0.006853
0.861299 0.320125 0.006933
0.861299 0.320125 0.006933
0.861299 0.320125 0.006933
0.860756 0.319567 0.006900
0.860756 0.319567 0.006900
0.860756 0.319567 0.006900
0.860390 0.319002 0.006863
0.860390 0.319002 0.006863
0.860390 0.319002 0.006863
0.860219 0.318857 0.006780
0.860219 0.318857 0.006780
0.860219 0.318857 0.006780
0.860219 0.318857 0.006780
0.860120 0.318705 0.006887
0.860120 0.318705 0.006887
0.860120 0.318705 0.006887
0.860115 0.318686 0.006874
0.860115 0.318686 0.006874
0.860115 0.318686 0.006874
0.859862 0.318755 0.006950
0.859862 0.318755 0.006950
0.859862 0.318755 0.006950
0.859862 0.318755 0.006950
0.859837 0.318706 0.007076
0.859837 0.318706 0.007076
0.859837 0.318706 0.007076
0.859891 0.318719 0.006997
0.859891 0.318719 0.006997
0.859891 0.318719 0.006997
0.859891 0.318719 0.006997
0.859889 0.318849 0.006905
0.859889 0.318849 0.006905
0.859889 0.318849 0.006905
0.859887 0.318790 0.006872
0.859887 0.318790 0.006872
0.859887 0.318790 0.006872
0.859865 0.318616 0.006826
0.859865 0.318616 0.006826
0.859865 0.318616 0.006826
0.859779 0.318435 0.006961
0.859779 0.318435 0.006961
0.859779 0.318435 0.006961
0.859779 0.318435 0.006961
0.859744 0.318214 0.006874
0.859744 0.318214 0.006874
0.859744 0.318214 0.006874
0.859563 0.317924 0.006929
0.859563 0.317924 0.006929
0.859563 0.317924 0.006929
0.859195 0.317544 0.007041
0.859195 0.317544 0.007041
0.859195 0.317544 0.007041
0.859195 0.317544 0.007041
0.858864 0.317066 0.006976
0.858864 0.317066 0.006976
0.858864 0.317066 0.006976
0.858560 0.316796 0.007083
0.858560 0.316796 0.007083
0.858560 0.316796 0.007083
0.858473 0.316444 0.007090
0.858473 0.316444 0.007090
0.858473 0.316444 0.007090
0.858473 0.316444 0.007090
0.858350 0.315993 0.006951
0.858350 0.315993 0.006951
0.858350 0.315993 0.006951
0.858062 0.315649 0.006983
0.858062 0.315649 0.006983
0.858062 0.315649 0.006983
0.857840 0.315453 0.006998
0.857840 0.315453 0.006998
0.857840 0.315453 0.006998
0.857840 0.315453 0.006998
0.857633 0.315267 0.006902
0.857633 0.315267 0.006902
0.857633 0.315267 0.006902
0.857210 0.314665 0.007013
0.857210 0.314665 0.007013
0.857210 0.314665 0.007013
0.856955 0.314372 0.007097
0.856955 0.314372 0.007097
0.856955 0.314372 0.007097
0.856955 0.314372 0.007097
0.856750 0.314193 0.007002
0.856750 0.314193 0.007002
0.856750 0.314193 0.007002
0.856467 0.313817 0.006970
0.856467 0.313817 0.006970
0.856467 0.313817 0.006970
0.856318 0.313444 0.006942
0.856318 0.313444 0.006942
0.856318 0.313444 0.006942
0.856318 0.313444 0.006942
0.856112 0.313166 0.006912
0.856112 0.313166 0.006912
0.856112 0.313166 0.006912
0.855727 0.312683 0.006995
0.855727 0.312683 0.006995
0.855727 0.312683 0.006995
0.855458 0.312241 0.007052
0.855458 0.312241 0.007052
0.855458 0.312241 0.007052
0.855458 0.312241 0.007052
0.854975 0.311701 0.007058
0.854975 0.311701 0.007058
0.854975 0.311701 0.007058
0.854485 0.311088 0.007044
0.854485 0.311088 0.007044
0.854485 0.311088 0.007044
0.853903 0.310390 0.007045
0.853903 0.310390 0.007045
0.853903 0.310390 0.007045
0.853903 0.310390 0.007045
0.853265 0.309796 0.007150
0.853265 0.309796 0.007150
0.853265 0.309796 0.007150
0.852800 0.308941 0.007146
0.852800 0.308941 0.007146
0.852800 0.308941 0.007146
0.852233 0.308278 0.007085
0.852233 0.308278 0.007085
0.852233 0.308278 0.007085
0.852233 0.308278 0.007085
0.851707 0.307564 0.007100
0.851707 0.307564 0.007100
0.851707 0.307564 0.007100
0.851004 0.306701 0.007130
0.851004 0.306701 0.007130
0.851004 0.306701 0.007130
0.850154 0.305715 0.007076
0.850154 0.305715 0.007076
0.850154 0.305715 0.007076
0.850154 0.305715 0.007076
0.849244 0.304631 0.007096
0.849244 0.304631 0.007096
0.849244 0.304631 0.007096
0.848169 0.303427 0.007134
0.848169 0.303427 0.007134
0.848169 0.303427 0.007134
0.847183 0.302014 0.007158
0.847183 0.302014 0.007158
0.847183 0.302014 0.007158
0.847183 0.302014 0.007158
0.846413 0.300881 0.007101
0.846413 0.300881 0.007101
0.846413 0.300881 0.007101
0.845541 0.299812 0.007280
0.845541 0.299812 0.007280
0.845541 0.299812 0.007280
0.844701 0.298791 0.007222
0.844701 0.298791 0.007222
0.844701 0.298791 0.007222
0.844701 0.298791 0.007222
0.844022 0.297928 0.007360
0.844022 0.297928 0.007360
0.844022 0.297928 0.007360
0.843384 0.296808 0.007214
0.843384 0.296808 0.007214
0.843384 0.296808 0.007214
0.842772 0.295863 0.007086
0.842772 0.295863 0.007086
0.842772 0.295863 0.007086
0.842772 0.295863 0.007086
0.842101 0.295028 0.007282
0.842101 0.295028 0.007282
0.842101 0.295028 0.007282
0.841406 0.294045 0.007435
0.841406 0.294045 0.007435
0.841406 0.294045 0.007435
0.840775 0.292948 0.007314
0.840775 0.292948 0.007314
0.840775 0.292948 0.007314
0.840775 0.292948 0.007314
0.839918 0.292022 0.007245
0.839918 0.292022 0.007245
0.839918 0.292022 0.007245
0.839272 0.291175 0.007336
0.839272 0.291175 0.007336
0.839272 0.291175 0.007336
0.838430 0.290127 0.007341
0.838430 0.290127 0.007341
0.838430 0.290127 0.007341
0.838430 0.290127 0.007341
0.837821 0.289489 0.007361
0.837821 0.289489 0.007361
0.837821 0.289489 0.007361
0.837271 0.288743 0.007431
0.837271 0.288743 0.007431
0.837271 0.288743 0.007431
0.836661 0.288329 0.007522
0.836661 0.288329 0.007522
0.836661 0.288329 0.007522
0.836661 0.288329 0.007522
0.836485 0.288065 0.007543
0.836485 0.288065 0.007543
0.836485 0.288065 0.007543
0.836419 0.288010 0.007489
0.836419 0.288010 0.007489
0.836419 0.288010 0.007489
0.836440 0.287970 0.007366
0.836440 0.287970 0.007366
0.836440 0.287970 0.007366
0.836440 0.287970 0.007366
0.836514 0.288017 0.007489
0.836514 0.288017 0.007489
0.836514 0.288017 0.007489
0.836453 0.287851 0.007430
0.836453 0.287851 0.007430
0.836453 0.287851 0.007430
0.836540 0.287968 0.007340
0.836540 0.287968 0.007340
0.836540 0.287968 0.007340
0.836540 0.287968 0.007340
0.836683 0.287931 0.007372
0.836683 0.287931 0.007372
0.836683 0.287931 0.007372
0.836722 0.288011 0.007335
0.836722 0.288011 0.007335
0.836722 0.288011 0.007335
0.836828 0.287941 0.007345
0.836828 0.287941 0.007345
0.836828 0.287941 0.007345
0.836828 0.287941 0.007345
0.836925 0.287788 0.007422
0.836925 0.287788 0.007422
0.836925 0.287788 0.007422
0.837077 0.287652 0.007330
0.837077 0.287652 0.007330
0.837077 0.287652 0.007330
0.837242 0.287447 0.007332
0.837242 0.287447 0.007332
0.837242 0.287447 0.007332
0.837242 0.287447 0.007332
0.837489 0.287218 0.007170
0.837489 0.287218 0.007170
0.837489 0.287218 0.007170
0.837828 0.287033 0.007199
0.837828 0.287033 0.007199
0.837828 0.287033 0.007199
0.837828 0.287033 0.007199
0.838194 0.286634 0.007083
0.838194 0.286634 0.007083
0.838194 0.286634 0.007083
0.838451 0.286275 0.007134
0.838451 0.286275 0.007134
0.838451 0.286275 0.007134
0.838949 0.285558 0.007222
0.838949 0.285558 0.007222
0.838949 0.285558 0.007222
0.838949 0.285558 0.007222
0.839990 0.284564 0.007137
0.839990 0.284564 0.007137
0.839990 0.284564 0.007137
0.840756 0.283595 0.007071
0.840756 0.283595 0.007071
0.840756 0.283595 0.007071
0.841723 0.282404 0.007060
0.841723 0.282404 0.007060
0.841723 0.282404 0.007060
0.841723 0.282404 0.007060
0.842772 0.280935 0.007056
0.842772 0.280935 0.007056
0.842772 0.280935 0.007056
0.843820 0.279415 0.007054
0.843820 0.279415 0.007054
0.843820 0.279415 0.007054
0.844928 0.278195 0.007021
0.844928 0.278195 0.007021
0.844928 0.278195 0.007021
0.844928 0.278195 0.007021
0.845889 0.276908 0.007029
0.845889 0.276908 0.007029
0.845889 0.276908 0.007029
0.846983 0.275577 0.007084
0.846983 0.275577 0.007084
0.846983 0.275577 0.007084
0.848263 0.274406 0.007082
0.848263 0.274406 0.007082
0.848263 0.274406 0.007082
0.848263 0.274406 0.007082
0.849314 0.273407 0.007064
0.849314 0.273407 0.007064
0.849314 0.273407 0.007064
0.850460 0.272446 0.006939
0.850460 0.272446 0.006939
0.850460 0.272446 0.006939
0.851668 0.271328 0.006931
0.851668 0.271328 0.006931
0.851668 0.271328 0.006931
0.852731 0.270191 0.006995
0.852731 0.270191 0.006995
0.852731 0.270191 0.006995
0.852731 0.270191 0.006995
0.853957 0.269231 0.006806
0.853957 0.269231 0.006806
0.853957 0.269231 0.006806
0.854829 0.268467 0.006919
0.854829 0.268467 0.006919
0.854829 0.268467 0.006919
0.855782 0.267371 0.006912
0.855782 0.267371 0.006912
0.855782 0.267371 0.006912
0.855782 0.267371 0.006912
0.856719 0.266567 0.006948
0.856719 0.266567 0.006948
0.856719 0.266567 0.006948
0.857500 0.265897 0.006965
0.857500 0.265897 0.006965
0.857500 0.265897 0.006965
0.858207 0.265252 0.006998
0.858207 0.265252 0.006998
0.858207 0.265252 0.006998
0.858207 0.265252 0.006998
0.858954 0.264741 0.006989
0.858954 0.264741 0.006989
0.858954 0.264741 0.006989
0.859580 0.264121 0.006949
0.859580 0.264121 0.006949
0.859580 0.264121 0.006949
0.860383 0.263424 0.006811
0.860383 0.263424 0.006811
0.860383 0.263424 0.006811
0.860383 0.263424 0.006811
0.861041 0.262927 0.006786
0.861041 0.262927 0.006786
0.861041 0.262927 0.006786
0.861571 0.262434 0.006741
0.861571 0.262434 0.006741
0.861571 0.262434 0.006741
0.861571 0.262434 0.006741
0.862018 0.262092 0.006880
0.862018 0.262092 0.006880
0.862018 0.262092 0.006880
0.862708 0.261564 0.006884
0.862708 0.261564 0.006884
0.862708 0.261564 0.006884
0.863209 0.260967 0.006831
0.863209 0.260967 0.006831
0.863209 0.260967 0.006831
0.863777 0.260401 0.006969
0.863777 0.260401 0.006969
0.863777 0.260401 0.006969
0.863777 0.260401 0.006969
0.864254 0.259988 0.007026
0.864254 0.259988 0.007026
0.864254 0.259988 0.007026
0.864768 0.259555 0.007040
0.864768 0.259555 0.007040
0.864768 0.259555 0.007040
0.864987 0.259424 0.006871
0.864987 0.259424 0.006871
0.864987 0.259424 0.006871
0.864987 0.259424 0.006871
0.864981 0.259471 0.006912
0.864981 0.259471 0.006912
0.864981 0.259471 0.006912
0.865066 0.259369 0.006855
0.865066 0.259369 0.006855
0.865066 0.259369 0.006855
0.864927 0.259440 0.006876
0.864927 0.259440 0.006876
0.864927 0.259440 0.006876
0.864927 0.259440 0.006876
0.864841 0.259446 0.006936
0.864841 0.259446 0.006936
0.864841 0.259446 0.006936
0.864752 0.259558 0.006885
0.864752 0.259558 0.006885
0.864752 0.259558 0.006885
0.864870 0.259543 0.006903
0.864870 0.259543 0.006903
0.864870 0.259543 0.006903
0.864870 0.259543 0.006903
0.864966 0.259655 0.006799
0.864966 0.259655 0.006799
0.864966 0.259655 0.006799
0.864792 0.259758 0.006821
0.864792 0.259758 0.006821
0.864792 0.259758 0.006821
0.864933 0.259869 0.006823
0.864933 0.259869 0.006823
0.864933 0.259869 0.006823
0.864933 0.259869 0.006823
0.864940 0.260090 0.006780
0.864940 0.260090 0.006780
0.864940 0.260090 0.006780
0.865053 0.260216 0.006818
0.865053 0.260216 0.006818
0.865053 0.260216 0.006818
0.865221 0.260359 0.006829
0.865221 0.260359 0.006829
0.865221 0.260359 0.006829
0.865221 0.260359 0.006829
0.865252 0.260516 0.006825
0.865252 0.260516 0.006825
0.865252 0.260516 0.006825
0.865333 0.260560 0.006866
0.865333 0.260560 0.006866
0.865333 0.260560 0.006866
0.865333 0.260560 0.006866
0.865438 0.260633 0.006808
0.865438 0.260633 0.006808
0.865438 0.260633 0.006808
0.865407 0.260621 0.006875
0.865407 0.260621 0.006875
0.865407 0.260621 0.006875
0.865428 0.260789 0.006825
0.865428 0.260789 0.006825
0.865428 0.260789 0.006825
0.865428 0.260789 0.006825
0.865577 0.260962 0.006846
0.865577 0.260962 0.006846
0.865577 0.260962 0.006846
0.866034 0.261199 0.006850
0.866034 0.261199 0.006850
0.866034 0.261199 0.006850
0.866430 0.261803 0.006849
0.866430 0.261803 0.006849
0.866430 0.261803 0.006849
0.866430 0.261803 0.006849
0.867127 0.262391 0.006747
0.867127 0.262391 0.006747
0.867127 0.262391 0.006747
0.867718 0.263216 0.006815
0.867718 0.263216 0.006815
0.867718 0.263216 0.006815
0.868407 0.263995 0.006717
0.868407 0.263995 0.006717
0.868407 0.263995 0.006717
0.869331 0.265006 0.006792
0.869331 0.265006 0.006792
0.869331 0.265006 0.006792
0.869331 0.265006 0.006792
0.870112 0.265941 0.006905
0.870112 0.265941 0.006905
0.870112 0.265941 0.006905
0.871150 0.266816 0.006763
0.871150 0.266816 0.006763
0.871150 0.266816 0.006763
0.872030 0.267879 0.006682
0.872030 0.267879 0.006682
0.872030 0.267879 0.006682
0.872030 0.267879 0.006682
0.872981 0.268934 0.006691
0.872981 0.268934 0.006691
0.872981 0.268934 0.006691
0.873906 0.269881 0.006760
0.873906 0.269881 0.006760
0.873906 0.269881 0.006760
0.874897 0.270892 0.006826
0.874897 0.270892 0.006826
0.874897 0.270892 0.006826
0.874897 0.270892 0.006826
0.875944 0.271818 0.006776
0.875944 0.271818 0.006776
0.875944 0.271818 0.006776
0.877005 0.272890 0.006689
0.877005 0.272890 0.006689
0.877005 0.272890 0.006689
0.877909 0.273785 0.006670
0.877909 0.273785 0.006670
0.877909 0.273785 0.006670
0.877909 0.273785 0.006670
0.878849 0.274611 0.006656
0.878849 0.274611 0.006656
0.878849 0.274611 0.006656
0.879723 0.275665 0.006735
0.879723 0.275665 0.006735
0.879723 0.275665 0.006735
0.879723 0.275665 0.006735
0.880515 0.276474 0.006789
0.880515 0.276474 0.006789
0.880515 0.276474 0.006789
0.881165 0.277126 0.006660
0.881165 0.277126 0.006660
0.881165 0.277126 0.006660
0.881666 0.277752 0.006646
0.881666 0.277752 0.006646
0.881666 0.277752 0.006646
0.882144 0.278316 0.006666
0.882144 0.278316 0.006666
0.882144 0.278316 0.006666
0.882144 0.278316 0.006666
0.882585 0.278711 0.006621
0.882585 0.278711 0.006621
0.882585 0.278711 0.006621
0.882978 0.279095 0.006690
0.882978 0.279095 0.006690
0.882978 0.279095 0.006690
0.883412 0.279438 0.006743
0.883412 0.279438 0.006743
0.883412 0.279438 0.006743
0.883412 0.279438 0.006743
0.883922 0.279784 0.006599
0.883922 0.279784 0.006599
0.883922 0.279784 0.006599
0.884231 0.280371 0.006672
0.884231 0.280371 0.006672
0.884231 0.280371 0.006672
0.884231 0.280371 0.006672
0.884773 0.280838 0.006667
0.884773 0.280838 0.006667
0.884773 0.280838 0.006667
0.885163 0.281292 0.006593
0.885163 0.281292 0.006593
0.885163 0.281292 0.006593
0.885560 0.281680 0.006517
0.885560 0.281680 0.006517
0.885560 0.281680 0.006517
0.886113 0.282148 0.006534
0.886113 0.282148 0.006534
0.886113 0.282148 0.006534
0.886113 0.282148 0.006534
0.886410 0.282544 0.006559
0.886410 0.282544 0.006559
0.886410 0.282544 0.006559
0.886919 0.283034 0.006588
0.886919 0.283034 0.006588
0.886919 0.283034 0.006588
0.887332 0.283357 0.006612
0.887332 0.283357 0.006612
0.887332 0.283357 0.006612
0.887332 0.283357 0.006612
0.887618 0.283790 0.006574
0.887618 0.283790 0.006574
0.887618 0.283790 0.006574
0.887976 0.284058 0.006513
0.887976 0.284058 0.006513
0.887976 0.284058 0.006513
0.887976 0.284058 0.006513
0.888462 0.284477 0.006571
0.888462 0.284477 0.006571
0.888462 0.284477 0.006571
0.888872 0.284973 0.006548
0.888872 0.284973 0.006548
0.888872 0.284973 0.006548
0.889425 0.285314 0.006450
0.889425 0.285314 0.006450
0.889425 0.285314 0.006450
0.889425 0.285314 0.006450
0.889734 0.285942 0.006497
0.889734 0.285942 0.006497
0.889734 0.285942 0.006497
0.890553 0.286581 0.006542
0.890553 0.286581 0.006542
0.890553 0.286581 0.006542
0.891214 0.287211 0.006528
0.891214 0.287211 0.006528
0.891214 0.287211 0.006528
0.891214 0.287211 0.006528
0.892022 0.287973 0.006513
0.892022 0.287973 0.006513
0.892022 0.287973 0.006513
0.892803 0.288883 0.006451
0.892803 0.288883 0.006451
0.892803 0.288883 0.006451
0.893800 0.289717 0.006511
0.893800 0.289717 0.006511
0.893800 0.289717 0.006511
0.894704 0.290666 0.006438
0.894704 0.290666 0.006438
0.894704 0.290666 0.006438
0.894704 0.290666 0.006438
0.895630 0.291757 0.006400
0.895630 0.291757 0.006400
0.895630 0.291757 0.006400
0.896575 0.292747 0.006431
0.896575 0.292747 0.006431
0.896575 0.292747 0.006431
0.897562 0.293698 0.006424
0.897562 0.293698 0.006424
0.897562 0.293698 0.006424
0.897562 0.293698 0.006424
0.898660 0.294809 0.006454
0.898660 0.294809 0.006454
0.898660 0.294809 0.006454
0.899632 0.295908 0.006489
0.899632 0.295908 0.006489
0.899632 0.295908 0.006489
0.899632 0.295908 0.006489
0.900713 0.296965 0.006401
0.900713 0.296965 0.006401
0.900713 0.296965 0.006401
0.901742 0.298041 0.006406
0.901742 0.298041 0.006406
0.901742 0.298041 0.006406
0.902835 0.299119 0.006387
0.902835 0.299119 0.006387
0.902835 0.299119 0.006387
0.902835 0.299119 0.006387
0.903865 0.300120 0.006409
0.903865 0.300120 0.006409
0.903865 0.300120 0.006409
0.904731 0.301111 0.006393
0.904731 0.301111 0.006393
0.904731 0.301111 0.006393
0.905735 0.302047 0.006304
0.905735 0.302047 0.006304
0.905735 0.302047 0.006304
0.905735 0.302047 0.006304
0.906651 0.302960 0.006355
0.906651 0.302960 0.006355
0.906651 0.302960 0.006355
0.907430 0.303822 0.006452
0.907430 0.303822 0.006452
0.907430 0.303822 0.006452
0.907996 0.304381 0.006339
0.907996 0.304381 0.006339
0.907996 0.304381 0.006339
0.907996 0.304381 0.006339
0.908683 0.304915 0.006333
0.908683 0.304915 0.006333
0.908683 0.304915 0.006333
0.909403 0.305530 0.006209
0.909403 0.305530 0.006209
0.909403 0.305530 0.006209
0.910002 0.306284 0.006239
0.910002 0.306284 0.006239
0.910002 0.306284 0.006239
0.910002 0.306284 0.006239
0.910524 0.306818 0.006317
0.910524 0.306818 0.006317
0.910524 0.306818 0.006317
0.910962 0.307285 0.006221
0.910962 0.307285 0.006221
0.910962 0.307285 0.006221
0.911467 0.307715 0.006327
0.911467 0.307715 0.006327
0.911467 0.307715 0.006327
0.911467 0.307715 0.006327
0.912105 0.308398 0.006344
0.912105 0.308398 0.006344
0.912105 0.308398 0.006344
0.912529 0.309068 0.006365
0.912529 0.309068 0.006365
0.912529 0.309068 0.006365
0.912982 0.309474 0.006393
0.912982 0.309474 0.006393
0.912982 0.309474 0.006393
0.912982 0.309474 0.006393
0.913581 0.310025 0.006307
0.913581 0.310025 0.006307
0.913581 0.310025 0.006307
0.914275 0.310714 0.006285
0.914275 0.310714 0.006285
0.914275 0.310714 0.006285
0.914774 0.311299 0.006451
0.914774 0.311299 0.006451
0.914774 0.311299 0.006451
0.914774 0.311299 0.006451
0.915550 0.311953 0.006379
0.915550 0.311953 0.006379
0.915550 0.311953 0.006379
0.916167 0.312533 0.006229
0.916167 0.312533 0.006229
0.916167 0.312533 0.006229
0.916738 0.313194 0.006201
0.916738 0.313194 0.006201
0.916738 0.313194 0.006201
0.916738 0.313194 0.006201
0.917491 0.313899 0.006282
0.917491 0.313899 0.006282
0.917491 0.313899 0.006282
0.918001 0.314562 0.006316
0.918001 0.314562 0.006316
0.918001 0.314562 0.006316
0.918516 0.315228 0.006327
0.918516 0.315228 0.006327
0.918516 0.315228 0.006327
0.918516 0.315228 0.006327
0.919077 0.315727 0.006259
0.919077 0.315727 0.006259
0.919077 0.315727 0.006259
0.919690 0.316502 0.006342
0.919690 0.316502 0.006342
0.919690 0.316502 0.006342
0.920242 0.316966 0.006268
0.920242 0.316966 0.006268
0.920242 0.316966 0.006268
0.920242 0.316966 0.006268
0.920671 0.317561 0.006162
0.920671 0.317561 0.006162
0.920671 0.317561 0.006162
0.921050 0.318147 0.006243
0.921050 0.318147 0.006243
0.921050 0.318147 0.006243
0.921444 0.318666 0.006298
0.921444 0.318666 0.006298
0.921444 0.318666 0.006298
0.921444 0.318666 0.006298
0.921982 0.318991 0.006289
0.921982 0.318991 0.006289
0.921982 0.318991 0.006289
0.922400 0.319328 0.006272
0.922400 0.319328 0.006272
0.922400 0.319328 0.006272
0.922862 0.319873 0.006222
0.922862 0.319873 0.006222
0.922862 0.319873 0.006222
0.922862 0.319873 0.006222
0.923440 0.320579 0.006276
0.923440 0.320579 0.006276
0.923440 0.320579 0.006276
0.924162 0.321356 0.006332
0.924162 0.321356 0.006332
0.924162 0.321356 0.006332
0.924885 0.322203 0.006290
0.924885 0.322203 0.006290
0.924885 0.322203 0.006290
0.925652 0.322974 0.006170
0.925652 0.322974 0.006170
0.925652 0.322974 0.006170
0.925652 0.322974 0.006170
0.926414 0.323718 0.006179
0.926414 0.323718 0.006179
0.926414 0.323718 0.006179
0.927321 0.324560 0.006111
0.927321 0.324560 0.006111
0.927321 0.324560 0.006111
0.928180 0.325536 0.006172
0.928180 0.325536 0.006172
0.928180 0.325536 0.006172
0.928180 0.325536 0.006172
0.928957 0.326406 0.006132
0.928957 0.326406 0.006132
0.928957 0.326406 0.006132
0.929795 0.327260 0.006130
0.929795 0.327260 0.006130
0.929795 0.327260 0.006130
0.930605 0.327994 0.006021
0.930605 0.327994 0.006021
0.930605 0.327994 0.006021
0.930605 0.327994 0.006021
0.931372 0.328811 0.006039
0.931372 0.328811 0.006039
0.931372 0.328811 0.006039
0.932017 0.329498 0.006112
0.932017 0.329498 0.006112
0.932017 0.329498 0.006112
0.932778 0.330209 0.006074
0.932778 0.330209 0.006074
0.932778 0.330209 0.006074
0.932778 0.330209 0.006074
0.933619 0.330935 0.006045
0.933619 0.330935 0.006045
0.933619 0.330935 0.006045
0.934057 0.331518 0.006018
0.934057 0.331518 0.006018
0.934057 0.331518 0.006018
0.934057 0.331518 0.006018
0.934772 0.332190 0.005923
0.934772 0.332190 0.005923
0.934772 0.332190 0.005923
0.935381 0.332897 0.005958
0.935381 0.332897 0.005958
0.935381 0.332897 0.005958
0.935925 0.333463 0.005982
0.935925 0.333463 0.005982
0.935925 0.333463 0.005982
0.936652 0.334169 0.005927
0.936652 0.334169 0.005927
0.936652 0.334169 0.005927
0.936652 0.334169 0.005927
0.937319 0.334964 0.005924
0.937319 0.334964 0.005924
0.937319 0.334964 0.005924
0.938026 0.335727 0.005889
0.938026 0.335727 0.005889
0.938026 0.335727 0.005889
0.938026 0.335727 0.005889
0.938727 0.336581 0.005855
0.938727 0.336581 0.005855
0.938727 0.336581 0.005855
0.939396 0.337260 0.005952
0.939396 0.337260 0.005952
0.939396 0.337260 0.005952
0.940220 0.338225 0.006037
0.940220 0.338225 0.006037
0.940220 0.338225 0.006037
0.940220 0.338225 0.006037
0.940930 0.339197 0.006025
0.940930 0.339197 0.006025
0.940930 0.339197 0.006025
0.941888 0.340091 0.005986
0.941888 0.340091 0.005986
0.941888 0.340091 0.005986
0.942808 0.341063 0.005955
0.942808 0.341063 0.005955
0.942808 0.341063 0.005955
0.943827 0.341965 0.005858
0.943827 0.341965 0.005858
0.943827 0.341965 0.005858
0.943827 0.341965 0.005858
0.944673 0.342922 0.005865
0.944673 0.342922 0.005865
0.944673 0.342922 0.005865
0.945494 0.343952 0.005847
0.945494 0.343952 0.005847
0.945494 0.343952 0.005847
0.946490 0.345045 0.005978
0.946490 0.345045 0.005978
0.946490 0.345045 0.005978
0.946490 0.345045 0.005978
0.947410 0.345938 0.005925
0.947410 0.345938 0.005925
0.947410 0.345938 0.005925
0.948513 0.347007 0.005834
0.948513 0.347007 0.005834
0.948513 0.347007 0.005834
0.948513 0.347007 0.005834
0.949279 0.347804 0.005844
0.949279 0.347804 0.005844
0.949279 0.347804 0.005844
0.949972 0.348674 0.005827
0.949972 0.348674 0.005827
0.949972 0.348674 0.005827
0.950504 0.349403 0.005858
0.950504 0.349403 0.005858
0.950504 0.349403 0.005858
0.950697 0.349874 0.005972
0.950697 0.349874 0.005972
0.950697 0.349874 0.005972
0.950697 0.349874 0.005972
0.951159 0.350310 0.005859
0.951159 0.350310 0.005859
0.951159 0.350310 0.005859
0.951560 0.350754 0.005875
0.951560 0.350754 0.005875
0.951560 0.350754 0.005875
0.951560 0.350754 0.005875
0.952078 0.351271 0.005801
0.952078 0.351271 0.005801
0.952078 0.351271 0.005801
0.952469 0.351724 0.005744
0.952469 0.351724 0.005744
0.952469 0.351724 0.005744
0.953125 0.352363 0.005824
0.953125 0.352363 0.005824
0.953125 0.352363 0.005824
0.953125 0.352363 0.005824
0.953704 0.353085 0.005834
0.953704 0.353085 0.005834
0.953704 0.353085 0.005834
0.954338 0.353764 0.005739
0.954338 0.353764 0.005739
0.954338 0.353764 0.005739
0.954973 0.354113 0.005630
0.954973 0.354113 0.005630
0.954973 0.354113 0.005630
0.954973 0.354113 0.005630
0.955439 0.354838 0.005647
0.955439 0.354838 0.005647
0.955439 0.354838 0.005647
0.955736 0.355182 0.005727
0.955736 0.355182 0.005727
0.955736 0.355182 0.005727
0.956237 0.355580 0.005801
0.956237 0.355580 0.005801
0.956237 0.355580 0.005801
0.956399 0.355847 0.005866
0.956399 0.355847 0.005866
0.956399 0.355847 0.005866
0.956399 0.355847 0.005866
0.956436 0.355803 0.005701
0.956436 0.355803 0.005701
0.956436 0.355803 0.005701
0.956453 0.355968 0.005744
0.956453 0.355968 0.005744
0.956453 0.355968 0.005744
0.956453 0.355968 0.005744
0.956574 0.355886 0.005764
0.956574 0.355886 0.005764
0.956574 0.355886 0.005764
0.956426 0.355861 0.005799
0.956426 0.355861 0.005799
0.956426 0.355861 0.005799
0.956334 0.355761 0.005812
0.956334 0.355761 0.005812
0.956334 0.355761 0.005812
0.956334 0.355761 0.005812
0.956278 0.355608 0.005820
0.956278 0.355608 0.005820
0.956278 0.355608 0.005820
0.956331 0.355667 0.005720
0.956331 0.355667 0.005720
0.956331 0.355667 0.005720
0.956399 0.355726 0.005743
0.956399 0.355726 0.005743
0.956399 0.355726 0.005743
0.956399 0.355726 0.005743
0.956458 0.355576 0.005795
0.956458 0.355576 0.005795
0.956458 0.355576 0.005795
0.956346 0.355428 0.005813
0.956346 0.355428 0.005813
0.956346 0.355428 0.005813
0.956347 0.355203 0.005767
0.956347 0.355203 0.005767
0.956347 0.355203 0.005767
0.956453 0.355124 0.005755
0.956453 0.355124 0.005755
0.956453 0.355124 0.005755
0.956453 0.355124 0.005755
0.956594 0.355077 0.005777
0.956594 0.355077 0.005777
0.956594 0.355077 0.005777
0.956611 0.354828 0.005880
0.956611 0.354828 0.005880
0.956611 0.354828 0.005880
0.956611 0.354828 0.005880
0.956850 0.354475 0.005843
0.956850 0.354475 0.005843
0.956850 0.354475 0.005843
0.957246 0.354217 0.005861
0.957246 0.354217 0.005861
0.957246 0.354217 0.005861
0.957836 0.353829 0.005793
0.957836 0.353829 0.005793
0.957836 0.353829 0.005793
0.957836 0.353829 0.005793
0.958339 0.353377 0.005809
0.958339 0.353377 0.005809
0.958339 0.353377 0.005809
0.959038 0.352863 0.005753
0.959038 0.352863 0.005753
0.959038 0.352863 0.005753
0.959763 0.352196 0.005825
0.959763 0.352196 0.005825
0.959763 0.352196 0.005825
0.959763 0.352196 0.005825
0.960386 0.351718 0.005871
0.960386 0.351718 0.005871
0.960386 0.351718 0.005871
0.961107 0.351116 0.005866
0.961107 0.351116 0.005866
0.961107 0.351116 0.005866
0.961846 0.350657 0.005863
0.961846 0.350657 0.005863
0.961846 0.350657 0.005863
0.962508 0.350040 0.005837
0.962508 0.350040 0.005837
0.962508 0.350040 0.005837
0.962508 0.350040 0.005837
0.963173 0.349459 0.005777
0.963173 0.349459 0.005777
0.963173 0.349459 0.005777
0.963928 0.348833 0.005807
0.963928 0.348833 0.005807
0.963928 0.348833 0.005807
0.963928 0.348833 0.005807
0.964687 0.348122 0.005822
0.964687 0.348122 0.005822
0.964687 0.348122 0.005822
0.965390 0.347524 0.005767
0.965390 0.347524 0.005767
0.965390 0.347524 0.005767
0.966215 0.346973 0.005729
0.966215 0.346973 0.005729
0.966215 0.346973 0.005729
0.966960 0.346382 0.005753
0.966960 0.346382 0.005753
0.966960 0.346382 0.005753
0.966960 0.346382 0.005753
0.967474 0.345747 0.005809
0.967474 0.345747 0.005809
0.967474 0.345747 0.005809
0.967977 0.345263 0.005699
0.967977 0.345263 0.005699
0.967977 0.345263 0.005699
0.968703 0.344717 0.005739
0.968703 0.344717 0.005739
0.968703 0.344717 0.005739
0.968703 0.344717 0.005739
0.969304 0.344046 0.005732
0.969304 0.344046 0.005732
0.969304 0.344046 0.005732
0.969902 0.343629 0.005825
0.969902 0.343629 0.005825
0.969902 0.343629 0.005825
0.969902 0.343629 0.005825
0.970414 0.343165 0.005833
0.970414 0.343165 0.005833
0.970414 0.343165 0.005833
0.970943 0.342520 0.005814
0.970943 0.342520 0.005814
0.970943 0.342520 0.005814
0.971703 0.341953 0.005719
0.971703 0.341953 0.005719
0.971703 0.341953 0.005719
0.972457 0.341345 0.005755
0.972457 0.341345 0.005755
0.972457 0.341345 0.005755
0.972457 0.341345 0.005755
0.973171 0.340688 0.005754
0.973171 0.340688 0.005754
0.973171 0.340688 0.005754
0.973995 0.339869 0.005721
0.973995 0.339869 0.005721
0.973995 0.339869 0.005721
0.973995 0.339869 0.005721
0.975061 0.338950 0.005625
0.975061 0.338950 0.005625
0.975061 0.338950 0.005625
0.975976 0.338177 0.005693
0.975976 0.338177 0.005693
0.975976 0.338177 0.005693
0.977031 0.337298 0.005762
0.977031 0.337298 0.005762
0.977031 0.337298 0.005762
0.977031 0.337298 0.005762
0.977907 0.336478 0.005731
0.977907 0.336478 0.005731
0.977907 0.336478 0.005731
0.978747 0.335806 0.005723
0.978747 0.335806 0.005723
0.978747 0.335806 0.005723
0.979613 0.335173 0.005714
0.979613 0.335173 0.005714
0.979613 0.335173 0.005714
0.980399 0.334604 0.005720
0.980399 0.334604 0.005720
0.980399 0.334604 0.005720
0.980399 0.334604 0.005720
0.981137 0.333912 0.005641
0.981137 0.333912 0.005641
0.981137 0.333912 0.005641
0.981685 0.333325 0.005711
0.981685 0.333325 0.005711
0.981685 0.333325 0.005711
0.982383 0.332915 0.005596
0.982383 0.332915 0.005596
0.982383 0.332915 0.005596
0.982383 0.332915 0.005596
0.982790 0.332575 0.005617
0.982790 0.332575 0.005617
0.982790 0.332575 0.005617
0.982812 0.332479 0.005672
0.982812 0.332479 0.005672
0.982812 0.332479 0.005672
0.982812 0.332479 0.005672
0.982948 0.332471 0.005633
0.982948 0.332471 0.005633
0.982948 0.332471 0.005633
0.983018 0.332501 0.005567
0.983018 0.332501 0.005567
0.983018 0.332501 0.005567
0.982837 0.332732 0.005527
0.982837 0.332732 0.005527
0.982837 0.332732 0.005527
0.982671 0.332694 0.005610
0.982671 0.332694 0.005610
0.982671 0.332694 0.005610
0.982671 0.332694 0.005610
0.982641 0.332622 0.005623
0.982641 0.332622 0.005623
0.982641 0.332622 0.005623
0.982596 0.332636 0.005689
0.982596 0.332636 0.005689
0.982596 0.332636 0.005689
0.982797 0.332567 0.005664
0.982797 0.332567 0.005664
0.982797 0.332567 0.005664
0.982797 0.332567 0.005664
0.982742 0.332503 0.005621
0.982742 0.332503 0.005621
0.982742 0.332503 0.005621
0.982561 0.332623 0.005761
0.982561 0.332623 0.005761
0.982561 0.332623 0.005761
0.982504 0.332558 0.005704
0.982504 0.332558 0.005704
0.982504 0.332558 0.005704
0.982504 0.332558 0.005704
0.982430 0.332456 0.005580
0.982430 0.332456 0.005580
0.982430 0.332456 0.005580
0.982423 0.332558 0.005656
0.982423 0.332558 0.005656
0.982423 0.332558 0.005656
0.982314 0.332597 0.005691
0.982314 0.332597 0.005691
0.982314 0.332597 0.005691
0.982314 0.332597 0.005691
0.982252 0.332487 0.005683
0.982252 0.332487 0.005683
0.982252 0.332487 0.005683
0.982220 0.332527 0.005755
0.982220 0.332527 0.005755
0.982220 0.332527 0.005755
0.982088 0.332381 0.005815
0.982088 0.332381 0.005815
0.982088 0.332381 0.005815
0.982088 0.332381 0.005815
0.982085 0.332471 0.005822
0.982085 0.332471 0.005822
0.982085 0.332471 0.005822
0.982055 0.332397 0.005819
0.982055 0.332397 0.005819
0.982055 0.332397 0.005819
0.981926 0.332204 0.005851
0.981926 0.332204 0.005851
0.981926 0.332204 0.005851
0.981926 0.332204 0.005851
0.981817 0.332020 0.005903
0.981817 0.332020 0.005903
0.981817 0.332020 0.005903
0.981669 0.331942 0.005991
0.981669 0.331942 0.005991
0.981669 0.331942 0.005991
0.981527 0.331844 0.005963
0.981527 0.331844 0.005963
0.981527 0.331844 0.005963
0.981527 0.331844 0.005963
0.981537 0.331727 0.005903
0.981537 0.331727 0.005903
0.981537 0.331727 0.005903
0.981348 0.331604 0.006053
0.981348 0.331604 0.006053
0.981348 0.331604 0.006053
0.981248 0.331559 0.006058
0.981248 0.331559 0.006058
0.981248 0.331559 0.006058
0.981248 0.331559 0.006058
0.981224 0.331352 0.006112
0.981224 0.331352 0.006112
0.981224 0.331352 0.006112
0.981063 0.331136 0.006143
0.981063 0.331136 0.006143
0.981063 0.331136 0.006143
0.981024 0.331177 0.006137
0.981024 0.331177 0.006137
0.981024 0.331177 0.006137
0.981024 0.331177 0.006137
0.980695 0.330943 0.006176
0.980695 0.330943 0.006176
0.980695 0.330943 0.006176
0.980670 0.330393 0.006176
0.980670 0.330393 0.006176
0.980670 0.330393 0.006176
0.980214 0.330115 0.006127
0.980214 0.330115 0.006127
0.980214 0.330115 0.006127
0.980214 0.330115 0.006127
0.979764 0.329663 0.006114
0.979764 0.329663 0.006114
0.979764 0.329663 0.006114
0.979288 0.329017 0.006054
0.979288 0.329017 0.006054
0.979288 0.329017 0.006054
0.978767 0.328187 0.006096
0.978767 0.328187 0.006096
0.978767 0.328187 0.006096
0.978767 0.328187 0.006096
0.978090 0.327538 0.006163
0.978090 0.327538 0.006163
0.978090 0.327538 0.006163
0.977412 0.326723 0.006226
0.977412 0.326723 0.006226
0.977412 0.326723 0.006226
0.976743 0.325972 0.006213
0.976743 0.325972 0.006213
0.976743 0.325972 0.006213
0.976743 0.325972 0.006213
0.976016 0.325189 0.006198
0.976016 0.325189 0.006198
0.976016 0.325189 0.006198
0.975226 0.324099 0.006157
0.975226 0.324099 0.006157
0.975226 0.324099 0.006157
0.975226 0.324099 0.006157
0.974711 0.323313 0.006230
0.974711 0.323313 0.006230
0.974711 0.323313 0.006230
0.973912 0.322668 0.006197
0.973912 0.322668 0.006197
0.973912 0.322668 0.006197
0.973248 0.321842 0.006261
0.973248 0.321842 0.006261
0.973248 0.321842 0.006261
0.973248 0.321842 0.006261
0.972742 0.321174 0.006306
0.972742 0.321174 0.006306
0.972742 0.321174 0.006306
0.972025 0.320395 0.006230
0.972025 0.320395 0.006230
0.972025 0.320395 0.006230
0.971513 0.319850 0.006248
0.971513 0.319850 0.006248
0.971513 0.319850 0.006248
0.970820 0.319085 0.006320
0.970820 0.319085 0.006320
0.970820 0.319085 0.006320
0.970820 0.319085 0.006320
0.970445 0.318410 0.006460
0.970445 0.318410 0.006460
0.970445 0.318410 0.006460
0.969996 0.317734 0.006471
0.969996 0.317734 0.006471
0.969996 0.317734 0.006471
0.969347 0.317194 0.006411
0.969347 0.317194 0.006411
0.969347 0.317194 0.006411
0.969347 0.317194 0.006411
0.968689 0.316516 0.006344
0.968689 0.316516 0.006344
0.968689 0.316516 0.006344
0.968146 0.315725 0.006418
0.968146 0.315725 0.006418
0.968146 0.315725 0.006418
0.968146 0.315725 0.006418
0.967433 0.314827 0.006429
0.967433 0.314827 0.006429
0.967433 0.314827 0.006429
0.966696 0.314041 0.006427
0.966696 0.314041 0.006427
0.966696 0.314041 0.006427
0.966132 0.313268 0.006320
0.966132 0.313268 0.006320
0.966132 0.313268 0.006320
0.965199 0.312337 0.006535
0.965199 0.312337 0.006535
0.965199 0.312337 0.006535
0.965199 0.312337 0.006535
0.964419 0.311538 0.006517
0.964419 0.311538 0.006517
0.964419 0.311538 0.006517
0.963775 0.310603 0.006451
0.963775 0.310603 0.006451
0.963775 0.310603 0.006451
0.963775 0.310603 0.006451
0.963064 0.309668 0.006443
0.963064 0.309668 0.006443
0.963064 0.309668 0.006443
0.962299 0.308903 0.006572
0.962299 0.308903 0.006572
0.962299 0.308903 0.006572
0.961663 0.308330 0.006587
0.961663 0.308330 0.006587
0.961663 0.308330 0.006587
0.961034 0.307687 0.006708
0.961034 0.307687 0.006708
0.961034 0.307687 0.006708
0.961034 0.307687 0.006708
0.960304 0.306945 0.006726
0.960304 0.306945 0.006726
0.960304 0.306945 0.006726
0.959686 0.306251 0.006830
0.959686 0.306251 0.006830
0.959686 0.306251 0.006830
0.959007 0.305599 0.006786
0.959007 0.305599 0.006786
0.959007 0.305599 0.006786
0.959007 0.305599 0.006786
0.958447 0.305085 0.006719
0.958447 0.305085 0.006719
0.958447 0.305085 0.006719
0.957872 0.304389 0.006718
0.957872 0.304389 0.006718
0.957872 0.304389 0.006718
0.957338 0.303752 0.006649
0.957338 0.303752 0.006649
0.957338 0.303752 0.006649
0.957338 0.303752 0.006649
0.956602 0.303066 0.006650
0.956602 0.303066 0.006650
0.956602 0.303066 0.006650
0.955946 0.302340 0.006707
0.955946 0.302340 0.006707
0.955946 0.302340 0.006707
0.955475 0.301884 0.006736
0.955475 0.301884 0.006736
0.955475 0.301884 0.006736
0.955475 0.301884 0.006736
0.954780 0.301157 0.006813
0.954780 0.301157 0.006813
0.954780 0.301157 0.006813
0.954217 0.300505 0.006803
0.954217 0.300505 0.006803
0.954217 0.300505 0.006803
0.953763 0.299973 0.006789
0.953763 0.299973 0.006789
0.953763 0.299973 0.006789
0.953763 0.299973 0.006789
0.953053 0.299239 0.006774
0.953053 0.299239 0.006774
0.953053 0.299239 0.006774
0.952418 0.298716 0.006843
0.952418 0.298716 0.006843
0.952418 0.298716 0.006843
0.951869 0.298000 0.006841
0.951869 0.298000 0.006841
0.951869 0.298000 0.006841
0.951869 0.298000 0.006841
0.951154 0.297253 0.006825
0.951154 0.297253 0.006825
0.951154 0.297253 0.006825
0.950610 0.296662 0.006746
0.950610 0.296662 0.006746
0.950610 0.296662 0.006746
0.949736 0.295976 0.006844
0.949736 0.295976 0.006844
0.949736 0.295976 0.006844
0.949736 0.295976 0.006844
0.948918 0.295160 0.006919
0.948918 0.295160 0.006919
0.948918 0.295160 0.006919
0.948201 0.294339 0.006907
0.948201 0.294339 0.006907
0.948201 0.294339 0.006907
0.948201 0.294339 0.006907
0.947263 0.293392 0.006876
0.947263 0.293392 0.006876
0.947263 0.293392 0.006876
0.946367 0.292428 0.006816
0.946367 0.292428 0.006816
0.946367 0.292428 0.006816
0.945418 0.291446 0.006858
0.945418 0.291446 0.006858
0.945418 0.291446 0.006858
0.944554 0.290550 0.006840
0.944554 0.290550 0.006840
0.944554 0.290550 0.006840
0.944554 0.290550 0.006840
0.943771 0.289605 0.006843
0.943771 0.289605 0.006843
0.943771 0.289605 0.006843
0.943045 0.288764 0.006878
0.943045 0.288764 0.006878
0.943045 0.288764 0.006878
0.942252 0.287943 0.006888
0.942252 0.287943 0.006888
0.942252 0.287943 0.006888
0.942252 0.287943 0.006888
0.941606 0.287221 0.006941
0.941606 0.287221 0.006941
0.941606 0.287221 0.006941
0.941069 0.286700 0.006915
0.941069 0.286700 0.006915
0.941069 0.286700 0.006915
0.940387 0.285951 0.006966
0.940387 0.285951 0.006966
0.940387 0.285951 0.006966
0.940387 0.285951 0.006966
0.939851 0.285330 0.006980
0.939851 0.285330 0.006980
0.939851 0.285330 0.006980
0.939268 0.284694 0.006953
0.939268 0.284694 0.006953
0.939268 0.284694 0.006953
0.938740 0.284103 0.006916
0.938740 0.284103 0.006916
0.938740 0.284103 0.006916
0.938740 0.284103 0.006916
0.937940 0.283437 0.006952
0.937940 0.283437 0.006952
0.937940 0.283437 0.006952
0.937376 0.282807 0.006962
0.937376 0.282807 0.006962
0.937376 0.282807 0.006962
0.936745 0.282077 0.006916
0.936745 0.282077 0.006916
0.936745 0.282077 0.006916
0.936745 0.282077 0.006916
0.936021 0.281366 0.006977
0.936021 0.281366 0.006977
0.936021 0.281366 0.006977
0.935455 0.280755 0.006943
0.935455 0.280755 0.006943
0.935455 0.280755 0.006943
0.934704 0.279945 0.006822
0.934704 0.279945 0.006822
0.934704 0.279945 0.006822
0.934704 0.279945 0.006822
0.934007 0.279149 0.006700
0.934007 0.279149 0.006700
0.934007 0.279149 0.006700
0.933349 0.278549 0.006766
0.933349 0.278549 0.006766
0.933349 0.278549 0.006766
0.932796 0.277735 0.006855
0.932796 0.277735 0.006855
0.932796 0.277735 0.006855
0.932796 0.277735 0.006855
0.932166 0.277132 0.006897
0.932166 0.277132 0.006897
0.932166 0.277132 0.006897
0.931529 0.276353 0.006781
0.931529 0.276353 0.006781
0.931529 0.276353 0.006781
0.931038 0.275602 0.006710
0.931038 0.275602 0.006710
0.931038 0.275602 0.006710
0.931038 0.275602 0.006710
0.930492 0.275344 0.007011
0.930492 0.275344 0.007011
0.930492 0.275344 0.007011
0.930057 0.274729 0.006884
0.930057 0.274729 0.006884
0.930057 0.274729 0.006884
0.929504 0.273992 0.006813
0.929504 0.273992 0.006813
0.929504 0.273992 0.006813
0.929504 0.273992 0.006813
0.928916 0.273475 0.006943
0.928916 0.273475 0.006943
0.928916 0.273475 0.006943
0.928287 0.272721 0.006941
0.928287 0.272721 0.006941
0.928287 0.272721 0.006941
0.927815 0.272390 0.007184
0.927815 0.272390 0.007184
0.927815 0.272390 0.007184
0.927815 0.272390 0.007184
0.927180 0.271613 0.007166
0.927180 0.271613 0.007166
0.927180 0.271613 0.007166
0.926183 0.270708 0.006809
0.926183 0.270708 0.006809
0.926183 0.270708 0.006809
0.925702 0.269722 0.006883
0.925702 0.269722 0.006883
0.925702 0.269722 0.006883
0.925702 0.269722 0.006883
0.925039 0.269105 0.006880
0.925039 0.269105 0.006880
0.925039 0.269105 0.006880
0.924233 0.268293 0.006892
0.924233 0.268293 0.006892
0.924233 0.268293 0.006892
0.923496 0.267506 0.006993
0.923496 0.267506 0.006993
0.923496 0.267506 0.006993
0.923496 0.267506 0.006993
0.922885 0.266757 0.007017
0.922885 0.266757 0.007017
0.922885 0.266757 0.007017
0.922150 0.266003 0.007119
0.922150 0.266003 0.007119
0.922150 0.266003 0.007119
0.921437 0.265317 0.007153
0.921437 0.265317 0.007153
0.921437 0.265317 0.007153
0.921437 0.265317 0.007153
0.920869 0.264534 0.007193
0.920869 0.264534 0.007193
0.920869 0.264534 0.007193
0.920069 0.263441 0.006872
0.920069 0.263441 0.006872
0.920069 0.263441 0.006872
0.919202 0.262569 0.006910
0.919202 0.262569 0.006910
0.919202 0.262569 0.006910
0.919202 0.262569 0.006910
0.918528 0.261524 0.006974
0.918528 0.261524 0.006974
0.918528 0.261524 0.006974
0.917800 0.260574 0.007134
0.917800 0.260574 0.007134
0.917800 0.260574 0.007134
0.916998 0.259517 0.007130
0.916998 0.259517 0.007130
0.916998 0.259517 0.007130
0.916998 0.259517 0.007130
0.916138 0.258734 0.007153
0.916138 0.258734 0.007153
0.916138 0.258734 0.007153
0.915335 0.257959 0.007194
0.915335 0.257959 0.007194
0.915335 0.257959 0.007194
0.915335 0.257959 0.007194
0.914804 0.257053 0.007146
0.914804 0.257053 0.007146
0.914804 0.257053 0.007146
0.914107 0.255985 0.007122
0.914107 0.255985 0.007122
0.914107 0.255985 0.007122
0.913342 0.255256 0.007251
0.913342 0.255256 0.007251
0.913342 0.255256 0.007251
0.913342 0.255256 0.007251
0.912809 0.254477 0.007304
0.912809 0.254477 0.007304
0.912809 0.254477 0.007304
0.912159 0.253862 0.007334
0.912159 0.253862 0.007334
0.912159 0.253862 0.007334
0.911583 0.253118 0.007170
0.911583 0.253118 0.007170
0.911583 0.253118 0.007170
0.910904 0.252483 0.007313
0.910904 0.252483 0.007313
0.910904 0.252483 0.007313
0.910904 0.252483 0.007313
0.910130 0.251556 0.007276
0.910130 0.251556 0.007276
0.910130 0.251556 0.007276
0.909458 0.250826 0.007366
0.909458 0.250826 0.007366
0.909458 0.250826 0.007366
0.909458 0.250826 0.007366
0.908985 0.250031 0.007263
0.908985 0.250031 0.007263
0.908985 0.250031 0.007263
0.908469 0.249462 0.007296
0.908469 0.249462 0.007296
0.908469 0.249462 0.007296
0.907705 0.248321 0.007354
0.907705 0.248321 0.007354
0.907705 0.248321 0.007354
0.907705 0.248321 0.007354
0.906976 0.247592 0.007455
0.906976 0.247592 0.007455
0.906976 0.247592 0.007455
0.906257 0.246737 0.007329
0.906257 0.246737 0.007329
0.906257 0.246737 0.007329
0.905444 0.245932 0.007282
0.905444 0.245932 0.007282
0.905444 0.245932 0.007282
0.905444 0.245932 0.007282
0.904774 0.244957 0.007261
0.904774 0.244957 0.007261
0.904774 0.244957 0.007261
0.903947 0.244030 0.007445
0.903947 0.244030 0.007445
0.903947 0.244030 0.007445
0.903274 0.243067 0.007526
0.903274 0.243067 0.007526
0.903274 0.243067 0.007526
0.902511 0.242207 0.007447
0.902511 0.242207 0.007447
0.902511 0.242207 0.007447
0.902511 0.242207 0.007447
0.901754 0.241293 0.007429
0.901754 0.241293 0.007429
0.901754 0.241293 0.007429
0.901147 0.240556 0.007533
0.901147 0.240556 0.007533
0.901147 0.240556 0.007533
0.900580 0.239839 0.007485
0.900580 0.239839 0.007485
0.900580 0.239839 0.007485
0.900580 0.239839 0.007485
0.900016 0.239147 0.007517
0.900016 0.239147 0.007517
0.900016 0.239147 0.007517
0.899267 0.238335 0.007532
0.899267 0.238335 0.007532
0.899267 0.238335 0.007532
0.898703 0.237602 0.007564
0.898703 0.237602 0.007564
0.898703 0.237602 0.007564
0.898703 0.237602 0.007564
0.898244 0.237232 0.007566
0.898244 0.237232 0.007566
0.898244 0.237232 0.007566
0.898039 0.236818 0.007469
0.898039 0.236818 0.007469
0.898039 0.236818 0.007469
0.898039 0.236818 0.007469
0.897916 0.236433 0.007422
0.897916 0.236433 0.007422
0.897916 0.236433 0.007422
0.897695 0.236277 0.007442
0.897695 0.236277 0.007442
0.897695 0.236277 0.007442
0.897566 0.236113 0.007464
0.897566 0.236113 0.007464
0.897566 0.236113 0.007464
0.897683 0.236320 0.007494
0.897683 0.236320 0.007494
0.897683 0.236320 0.007494
0.897683 0.236320 0.007494
0.897637 0.236261 0.007475
0.897637 0.236261 0.007475
0.897637 0.236261 0.007475
0.897445 0.235800 0.007348
0.897445 0.235800 0.007348
0.897445 0.235800 0.007348
0.896941 0.235158 0.007389
0.896941 0.235158 0.007389
0.896941 0.235158 0.007389
0.896941 0.235158 0.007389
0.896396 0.234555 0.007406
0.896396 0.234555 0.007406
0.896396 0.234555 0.007406
0.895940 0.233915 0.007382
0.895940 0.233915 0.007382
0.895940 0.233915 0.007382
0.895711 0.233452 0.007393
0.895711 0.233452 0.007393
0.895711 0.233452 0.007393
0.895711 0.233452 0.007393
0.895640 0.233253 0.007372
0.895640 0.233253 0.007372
0.895640 0.233253 0.007372
0.895612 0.233190 0.007364
0.895612 0.233190 0.007364
0.895612 0.233190 0.007364
0.895612 0.233190 0.007364
0.895481 0.233077 0.007371
0.895481 0.233077 0.007371
0.895481 0.233077 0.007371
0.895375 0.233078 0.007468
0.895375 0.233078 0.007468
0.895375 0.233078 0.007468
0.895565 0.233045 0.007300
0.895565 0.233045 0.007300
0.895565 0.233045 0.007300
0.895621 0.233033 0.007238
0.895621 0.233033 0.007238
0.895621 0.233033 0.007238
0.895621 0.233033 0.007238
0.895686 0.232980 0.007269
0.895686 0.232980 0.007269
0.895686 0.232980 0.007269
0.895745 0.232856 0.007290
0.895745 0.232856 0.007290
0.895745 0.232856 0.007290
0.895985 0.232849 0.007395
0.895985 0.232849 0.007395
0.895985 0.232849 0.007395
0.895985 0.232849 0.007395
0.896271 0.232742 0.007386
0.896271 0.232742 0.007386
0.896271 0.232742 0.007386
0.896488 0.232676 0.007342
0.896488 0.232676 0.007342
0.896488 0.232676 0.007342
0.896488 0.232676 0.007342
0.896818 0.232550 0.007323
0.896818 0.232550 0.007323
0.896818 0.232550 0.007323
0.897266 0.232200 0.007198
0.897266 0.232200 0.007198
0.897266 0.232200 0.007198
0.897620 0.231811 0.007153
0.897620 0.231811 0.007153
0.897620 0.231811 0.007153
0.897620 0.231811 0.007153
0.898130 0.231506 0.007142
0.898130 0.231506 0.007142
0.898130 0.231506 0.007142
0.898608 0.230943 0.007169
0.898608 0.230943 0.007169
0.898608 0.230943 0.007169
0.899087 0.230421 0.007070
0.899087 0.230421 0.007070
0.899087 0.230421 0.007070
0.899786 0.229889 0.007050
0.899786 0.229889 0.007050
0.899786 0.229889 0.007050
0.899786 0.229889 0.007050
0.900592 0.229121 0.006982
0.900592 0.229121 0.006982
0.900592 0.229121 0.006982
0.901178 0.228054 0.007112
0.901178 0.228054 0.007112
0.901178 0.228054 0.007112
0.901847 0.227538 0.007187
0.901847 0.227538 0.007187
0.901847 0.227538 0.007187
0.901847 0.227538 0.007187
0.902812 0.226961 0.007057
0.902812 0.226961 0.007057
0.902812 0.226961 0.007057
0.903554 0.226289 0.007099
0.903554 0.226289 0.007099
0.903554 0.226289 0.007099
0.904373 0.225619 0.007025
0.904373 0.225619 0.007025
0.904373 0.225619 0.007025
0.904373 0.225619 0.007025
0.904999 0.224921 0.007158
0.904999 0.224921 0.007158
0.904999 0.224921 0.007158
0.905817 0.224444 0.007014
0.905817 0.224444 0.007014
0.905817 0.224444 0.007014
0.906640 0.223605 0.007090
0.906640 0.223605 0.007090
0.906640 0.223605 0.007090
0.906640 0.223605 0.007090
0.907767 0.222971 0.007002
0.907767 0.222971 0.007002
0.907767 0.222971 0.007002
0.908605 0.222288 0.006959
0.908605 0.222288 0.006959
0.908605 0.222288 0.006959
0.908605 0.222288 0.006959
0.909595 0.221344 0.006981
0.909595 0.221344 0.006981
0.909595 0.221344 0.006981
0.910733 0.220773 0.007117
0.910733 0.220773 0.007117
0.910733 0.220773 0.007117
0.911761 0.220018 0.007064
0.911761 0.220018 0.007064
0.911761 0.220018 0.007064
0.912816 0.219099 0.007102
0.912816 0.219099 0.007102
0.912816 0.219099 0.007102
0.912816 0.219099 0.007102
0.914007 0.218230 0.007078
0.914007 0.218230 0.007078
0.914007 0.218230 0.007078
0.914907 0.217488 0.007051
0.914907 0.217488 0.007051
0.914907 0.217488 0.007051
0.915969 0.216576 0.007187
0.915969 0.216576 0.007187
0.915969 0.216576 0.007187
0.915969 0.216576 0.007187
0.916987 0.215856 0.007102
0.916987 0.215856 0.007102
0.916987 0.215856 0.007102
0.918020 0.215006 0.007052
0.918020 0.215006 0.007052
0.918020 0.215006 0.007052
0.919177 0.214312 0.007000
0.919177 0.214312 0.007000
0.919177 0.214312 0.007000
0.919177 0.214312 0.007000
0.920004 0.213474 0.007190
0.920004 0.213474 0.007190
0.920004 0.213474 0.007190
0.920999 0.212663 0.007163
0.920999 0.212663 0.007163
0.920999 0.212663 0.007163
0.921830 0.212138 0.007099
0.921830 0.212138 0.007099
0.921830 0.212138 0.007099
0.921830 0.212138 0.007099
0.922128 0.211680 0.007252
0.922128 0.211680 0.007252
0.922128 0.211680 0.007252
0.922695 0.211209 0.007296
0.922695 0.211209 0.007296
0.922695 0.211209 0.007296
0.923597 0.210683 0.007059
0.923597 0.210683 0.007059
0.923597 0.210683 0.007059
0.923597 0.210683 0.007059
0.924083 0.210025 0.007125
0.924083 0.210025 0.007125
0.924083 0.210025 0.007125
0.924895 0.209359 0.007175
0.924895 0.209359 0.007175
0.924895 0.209359 0.007175
0.925811 0.208691 0.007133
0.925811 0.208691 0.007133
0.925811 0.208691 0.007133
0.925811 0.208691 0.007133
0.926751 0.207936 0.007236
0.926751 0.207936 0.007236
0.926751 0.207936 0.007236
0.927635 0.207264 0.007254
0.927635 0.207264 0.007254
0.927635 0.207264 0.007254
0.927635 0.207264 0.007254
0.928338 0.206407 0.007146
0.928338 0.206407 0.007146
0.928338 0.206407 0.007146
0.928955 0.205919 0.007125
0.928955 0.205919 0.007125
0.928955 0.205919 0.007125
0.929488 0.205658 0.007257
0.929488 0.205658 0.007257
0.929488 0.205658 0.007257
0.929708 0.205370 0.007222
0.929708 0.205370 0.007222
0.929708 0.205370 0.007222
0.929708 0.205370 0.007222
0.930057 0.204981 0.007142
0.930057 0.204981 0.007142
0.930057 0.204981 0.007142
0.930192 0.204823 0.007164
0.930192 0.204823 0.007164
0.930192 0.204823 0.007164
0.930588 0.204591 0.007223
0.930588 0.204591 0.007223
0.930588 0.204591 0.007223
0.930588 0.204591 0.007223
0.931227 0.204199 0.007200
0.931227 0.204199 0.007200
0.931227 0.204199 0.007200
0.931601 0.203834 0.007137
0.931601 0.203834 0.007137
0.931601 0.203834 0.007137
0.931685 0.203546 0.007230
0.931685 0.203546 0.007230
0.931685 0.203546 0.007230
0.931685 0.203546 0.007230
0.931916 0.203525 0.007184
0.931916 0.203525 0.007184
0.931916 0.203525 0.007184
0.931971 0.203672 0.007146
0.931971 0.203672 0.007146
0.931971 0.203672 0.007146
0.931822 0.203689 0.007149
0.931822 0.203689 0.007149
0.931822 0.203689 0.007149
0.931822 0.203689 0.007149
0.931831 0.203685 0.007303
0.931831 0.203685 0.007303
0.931831 0.203685 0.007303
0.931775 0.203774 0.007244
0.931775 0.203774 0.007244
0.931775 0.203774 0.007244
0.931775 0.203774 0.007244
0.931641 0.203845 0.007197
0.931641 0.203845 0.007197
0.931641 0.203845 0.007197
0.931694 0.203970 0.007194
0.931694 0.203970 0.007194
0.931694 0.203970 0.007194
0.931914 0.204249 0.007026
0.931914 0.204249 0.007026
0.931914 0.204249 0.007026
0.931966 0.204222 0.006981
0.931966 0.204222 0.006981
0.931966 0.204222 0.006981
0.931966 0.204222 0.006981
0.932096 0.204556 0.007051
0.932096 0.204556 0.007051
0.932096 0.204556 0.007051
0.932163 0.204955 0.007041
0.932163 0.204955 0.007041
0.932163 0.204955 0.007041
0.932417 0.205082 0.007095
0.932417 0.205082 0.007095
0.932417 0.205082 0.007095
0.932417 0.205082 0.007095
0.932543 0.205333 0.007143
0.932543 0.205333 0.007143
0.932543 0.205333 0.007143
0.932807 0.205465 0.007096
0.932807 0.205465 0.007096
0.932807 0.205465 0.007096
0.932926 0.205497 0.007042
0.932926 0.205497 0.007042
0.932926 0.205497 0.007042
0.932926 0.205497 0.007042
0.933122 0.205831 0.007014
0.933122 0.205831 0.007014
0.933122 0.205831 0.007014
0.933453 0.206042 0.007025
0.933453 0.206042 0.007025
0.933453 0.206042 0.007025
0.933674 0.206419 0.006952
0.933674 0.206419 0.006952
0.933674 0.206419 0.006952
0.933674 0.206419 0.006952
0.934563 0.207046 0.007057
0.934563 0.207046 0.007057
0.934563 0.207046 0.007057
0.935141 0.208061 0.007047
0.935141 0.208061 0.007047
0.935141 0.208061 0.007047
0.935141 0.208061 0.007047
0.935986 0.208513 0.006998
0.935986 0.208513 0.006998
0.935986 0.208513 0.006998
0.936489 0.209119 0.006996
0.936489 0.209119 0.006996
0.936489 0.209119 0.006996
0.937208 0.209737 0.007105
0.937208 0.209737 0.007105
0.937208 0.209737 0.007105
0.937767 0.210446 0.007015
0.937767 0.210446 0.007015
0.937767 0.210446 0.007015
0.937767 0.210446 0.007015
0.938334 0.210934 0.007069
0.938334 0.210934 0.007069
0.938334 0.210934 0.007069
0.938823 0.211527 0.007100
0.938823 0.211527 0.007100
0.938823 0.211527 0.007100
0.939149 0.212052 0.007176
0.939149 0.212052 0.007176
0.939149 0.212052 0.007176
0.939149 0.212052 0.007176
0.939794 0.212386 0.006975
0.939794 0.212386 0.006975
0.939794 0.212386 0.006975
0.940078 0.212815 0.006969
0.940078 0.212815 0.006969
0.940078 0.212815 0.006969
0.940078 0.212815 0.006969
0.940362 0.213261 0.006994
0.940362 0.213261 0.006994
0.940362 0.213261 0.006994
0.940858 0.213378 0.006967
0.940858 0.213378 0.006967
0.940858 0.213378 0.006967
0.941137 0.213830 0.007149
0.941137 0.213830 0.007149
0.941137 0.213830 0.007149
0.941137 0.213830 0.007149
0.941360 0.213913 0.007093
0.941360 0.213913 0.007093
0.941360 0.213913 0.007093
0.941618 0.214254 0.007105
0.941618 0.214254 0.007105
0.941618 0.214254 0.007105
0.941926 0.214317 0.007149
0.941926 0.214317 0.007149
0.941926 0.214317 0.007149
0.942421 0.214911 0.007114
0.942421 0.214911 0.007114
0.942421 0.214911 0.007114
0.942421 0.214911 0.007114
0.942673 0.215272 0.007143
0.942673 0.215272 0.007143
0.942673 0.215272 0.007143
0.943126 0.215596 0.007133
0.943126 0.215596 0.007133
0.943126 0.215596 0.007133
0.943596 0.215877 0.007043
0.943596 0.215877 0.007043
0.943596 0.215877 0.007043
0.943596 0.215877 0.007043
0.943909 0.216303 0.007058
0.943909 0.216303 0.007058
0.943909 0.216303 0.007058
0.944370 0.216656 0.007037
0.944370 0.216656 0.007037
0.944370 0.216656 0.007037
0.944370 0.216656 0.007037
0.944807 0.217064 0.007083
0.944807 0.217064 0.007083
0.944807 0.217064 0.007083
0.945160 0.217359 0.007113
0.945160 0.217359 0.007113
0.945160 0.217359 0.007113
0.945572 0.217729 0.007194
0.945572 0.217729 0.007194
0.945572 0.217729 0.007194
0.945923 0.218340 0.007109
0.945923 0.218340 0.007109
0.945923 0.218340 0.007109
0.945923 0.218340 0.007109
0.946311 0.218611 0.007022
0.946311 0.218611 0.007022
0.946311 0.218611 0.007022
0.947016 0.218806 0.007037
0.947016 0.218806 0.007037
0.947016 0.218806 0.007037
0.947499 0.219154 0.007000
0.947499 0.219154 0.007000
0.947499 0.219154 0.007000
0.947499 0.219154 0.007000
0.948118 0.219757 0.007043
0.948118 0.219757 0.007043
0.948118 0.219757 0.007043
0.948632 0.220091 0.007106
0.948632 0.220091 0.007106
0.948632 0.220091 0.007106
0.948632 0.220091 0.007106
0.949128 0.220651 0.007157
0.949128 0.220651 0.007157
0.949128 0.220651 0.007157
0.949779 0.221208 0.007107
0.949779 0.221208 0.007107
0.949779 0.221208 0.007107
0.950313 0.221754 0.007138
0.950313 0.221754 0.007138
0.950313 0.221754 0.007138
0.950313 0.221754 0.007138
0.951011 0.222411 0.007107
0.951011 0.222411 0.007107
0.951011 0.222411 0.007107
0.951603 0.222733 0.007099
0.951603 0.222733 0.007099
0.951603 0.222733 0.007099
0.952185 0.223219 0.006956
0.952185 0.223219 0.006956
0.952185 0.223219 0.006956
0.952185 0.223219 0.006956
0.953035 0.223811 0.006980
0.953035 0.223811 0.006980
0.953035 0.223811 0.006980
0.953496 0.224427 0.007084
0.953496 0.224427 0.007084
0.953496 0.224427 0.007084
0.954033 0.224824 0.007033
0.954033 0.224824 0.007033
0.954033 0.224824 0.007033
0.954033 0.224824 0.007033
0.954376 0.225421 0.007047
0.954376 0.225421 0.007047
0.954376 0.225421 0.007047
0.954990 0.225920 0.007042
0.954990 0.225920 0.007042
0.954990 0.225920 0.007042
0.955431 0.226153 0.007098
0.955431 0.226153 0.007098
0.955431 0.226153 0.007098
0.955431 0.226153 0.007098
0.955821 0.226513 0.007079
0.955821 0.226513 0.007079
0.955821 0.226513 0.007079
0.956472 0.227006 0.007034
0.956472 0.227006 0.007034
0.956472 0.227006 0.007034
0.956900 0.227343 0.006944
0.956900 0.227343 0.006944
0.956900 0.227343 0.006944
0.957583 0.227985 0.007054
0.957583 0.227985 0.007054
0.957583 0.227985 0.007054
0.957583 0.227985 0.007054
0.958175 0.228746 0.007036
0.958175 0.228746 0.007036
0.958175 0.228746 0.007036
0.959063 0.229255 0.007041
0.959063 0.229255 0.007041
0.959063 0.229255 0.007041
0.959730 0.229821 0.007065
0.959730 0.229821 0.007065
0.959730 0.229821 0.007065
0.959730 0.229821 0.007065
0.960490 0.230417 0.007005
0.960490 0.230417 0.007005
0.960490 0.230417 0.007005
0.961105 0.231038 0.006970
0.961105 0.231038 0.006970
0.961105 0.231038 0.006970
0.961105 0.231038 0.006970
0.962126 0.231775 0.006938
0.962126 0.231775 0.006938
0.962126 0.231775 0.006938
0.962781 0.232489 0.006971
0.962781 0.232489 0.006971
0.962781 0.232489 0.006971
0.963774 0.233408 0.007037
0.963774 0.233408 0.007037
0.963774 0.233408 0.007037
0.964683 0.234060 0.007016
0.964683 0.234060 0.007016
0.964683 0.234060 0.007016
0.964683 0.234060 0.007016
0.965669 0.234935 0.006919
0.965669 0.234935 0.006919
0.965669 0.234935 0.006919
0.966540 0.235683 0.006924
0.966540 0.235683 0.006924
0.966540 0.235683 0.006924
0.966540 0.235683 0.006924
0.967431 0.236600 0.006998
0.967431 0.236600 0.006998
0.967431 0.236600 0.006998
0.968176 0.237214 0.006822
0.968176 0.237214 0.006822
0.968176 0.237214 0.006822
0.969150 0.238076 0.006931
0.969150 0.238076 0.006931
0.969150 0.238076 0.006931
0.969150 0.238076 0.006931
0.970045 0.238738 0.006811
0.970045 0.238738 0.006811
0.970045 0.238738 0.006811
0.970775 0.239413 0.006992
0.970775 0.239413 0.006992
0.970775 0.239413 0.006992
0.971858 0.240308 0.007061
0.971858 0.240308 0.007061
0.971858 0.240308 0.007061
0.971858 0.240308 0.007061
0.972524 0.240887 0.006839
0.972524 0.240887 0.006839
0.972524 0.240887 0.006839
0.973450 0.241523 0.006916
0.973450 0.241523 0.006916
0.973450 0.241523 0.006916
0.974212 0.242196 0.006821
0.974212 0.242196 0.006821
0.974212 0.242196 0.006821
0.974212 0.242196 0.006821
0.974990 0.242950 0.006822
0.974990 0.242950 0.006822
0.974990 0.242950 0.006822
0.975861 0.243793 0.006827
0.975861 0.243793 0.006827
0.975861 0.243793 0.006827
0.976621 0.244426 0.006702
0.976621 0.244426 0.006702
0.976621 0.244426 0.006702
0.977573 0.245209 0.006749
0.977573 0.245209 0.006749
0.977573 0.245209 0.006749
0.977573 0.245209 0.006749
0.978459 0.245868 0.006763
0.978459 0.245868 0.006763
0.978459 0.245868 0.006763
0.979429 0.246514 0.006719
0.979429 0.246514 0.006719
0.979429 0.246514 0.006719
0.980361 0.247633 0.006762
0.980361 0.247633 0.006762
0.980361 0.247633 0.006762
0.980361 0.247633 0.006762
0.981291 0.248322 0.006805
0.981291 0.248322 0.006805
0.981291 0.248322 0.006805
0.982037 0.249022 0.006853
0.982037 0.249022 0.006853
0.982037 0.249022 0.006853
0.982037 0.249022 0.006853
0.982820 0.249781 0.006852
0.982820 0.249781 0.006852
0.982820 0.249781 0.006852
0.983676 0.250499 0.006710
0.983676 0.250499 0.006710
0.983676 0.250499 0.006710
0.984445 0.251167 0.006760
0.984445 0.251167 0.006760
0.984445 0.251167 0.006760
0.984445 0.251167 0.006760
0.985141 0.251819 0.006705
0.985141 0.251819 0.006705
0.985141 0.251819 0.006705
0.985834 0.252355 0.006743
0.985834 0.252355 0.006743
0.985834 0.252355 0.006743
0.986565 0.253064 0.006733
0.986565 0.253064 0.006733
0.986565 0.253064 0.006733
0.986565 0.253064 0.006733
0.987374 0.253781 0.006678
0.987374 0.253781 0.006678
0.987374 0.253781 0.006678
0.987977 0.254506 0.006737
0.987977 0.254506 0.006737
0.987977 0.254506 0.006737
0.988709 0.255123 0.006701
0.988709 0.255123 0.006701
0.988709 0.255123 0.006701
0.988709 0.255123 0.006701
0.989313 0.255679 0.006688
0.989313 0.255679 0.006688
0.989313 0.255679 0.006688
0.990001 0.256391 0.006720
0.990001 0.256391 0.006720
0.990001 0.256391 0.006720
0.990763 0.257111 0.006732
0.990763 0.257111 0.006732
0.990763 0.257111 0.006732
0.990763 0.257111 0.006732
0.991630 0.257813 0.006701
0.991630 0.257813 0.006701
0.991630 0.257813 0.006701
0.992544 0.258633 0.006750
0.992544 0.258633 0.006750
0.992544 0.258633 0.006750
0.993164 0.259534 0.006659
0.993164 0.259534 0.006659
0.993164 0.259534 0.006659
0.993164 0.259534 0.006659
0.994218 0.260254 0.006630
0.994218 0.260254 0.006630
0.994218 0.260254 0.006630
0.994954 0.261110 0.006624
0.994954 0.261110 0.006624
0.994954 0.261110 0.006624
0.995862 0.262074 0.006640
0.995862 0.262074 0.006640
0.995862 0.262074 0.006640
0.996944 0.262916 0.006518
0.996944 0.262916 0.006518
0.996944 0.262916 0.006518
0.996944 0.262916 0.006518
0.997875 0.263978 0.006440
0.997875 0.263978 0.006440
0.997875 0.263978 0.006440
0.998804 0.264969 0.006397
0.998804 0.264969 0.006397
0.998804 0.264969 0.006397
0.998804 0.264969 0.006397
0.999719 0.265640 0.006565
0.999719 0.265640 0.006565
0.999719 0.265640 0.006565
1.000575 0.266432 0.006442
1.000575 0.266432 0.006442
1.000575 0.266432 0.006442
1.001418 0.267296 0.006441
1.001418 0.267296 0.006441
1.001418 0.267296 0.006441
1.001418 0.267296 0.006441
1.002174 0.267885 0.006487
1.002174 0.267885 0.006487
1.002174 0.267885 0.006487
1.002940 0.268531 0.006468
1.002940 0.268531 0.006468
1.002940 0.268531 0.006468
1.003508 0.269333 0.006532
1.003508 0.269333 0.006532
1.003508 0.269333 0.006532
1.003508 0.269333 0.006532
1.004103 0.269916 0.006496
1.004103 0.269916 0.006496
1.004103 0.269916 0.006496
1.004743 0.270453 0.006402
1.004743 0.270453 0.006402
1.004743 0.270453 0.006402
1.005252 0.270916 0.006372
1.005252 0.270916 0.006372
1.005252 0.270916 0.006372
1.005252 0.270916 0.006372
1.005765 0.271473 0.006435
1.005765 0.271473 0.006435
1.005765 0.271473 0.006435
1.006231 0.271955 0.006334
1.006231 0.271955 0.006334
1.006231 0.271955 0.006334
1.006675 0.272336 0.006337
1.006675 0.272336 0.006337
1.006675 0.272336 0.006337
1.007135 0.272675 0.006367
1.007135 0.272675 0.006367
1.007135 0.272675 0.006367
1.007135 0.272675 0.006367
1.007541 0.273181 0.006290
1.007541 0.273181 0.006290
1.007541 0.273181 0.006290
1.008059 0.273523 0.006299
1.008059 0.273523 0.006299
1.008059 0.273523 0.006299
1.008059 0.273523 0.006299
1.008364 0.274076 0.006406
1.008364 0.274076 0.006406
1.008364 0.274076 0.006406
1.008835 0.274408 0.006465
1.008835 0.274408 0.006465
1.008835 0.274408 0.006465
1.009286 0.274807 0.006553
1.009286 0.274807 0.006553
1.009286 0.274807 0.006553
1.009779 0.275212 0.006433
1.009779 0.275212 0.006433
1.009779 0.275212 0.006433
1.009779 0.275212 0.006433
1.010490 0.275721 0.006325
1.010490 0.275721 0.006325
1.010490 0.275721 0.006325
1.011071 0.276439 0.006317
1.011071 0.276439 0.006317
1.011071 0.276439 0.006317
1.011862 0.277342 0.006451
1.011862 0.277342 0.006451
1.011862 0.277342 0.006451
1.011862 0.277342 0.006451
1.012732 0.278119 0.006427
1.012732 0.278119 0.006427
1.012732 0.278119 0.006427
1.013377 0.278834 0.006404
1.013377 0.278834 0.006404
1.013377 0.278834 0.006404
1.014281 0.279479 0.006336
1.014281 0.279479 0.006336
1.014281 0.279479 0.006336
1.014281 0.279479 0.006336
1.014817 0.280126 0.006365
1.014817 0.280126 0.006365
1.014817 0.280126 0.006365
1.015474 0.280770 0.006285
1.015474 0.280770 0.006285
1.015474 0.280770 0.006285
1.016064 0.281249 0.006263
1.016064 0.281249 0.006263
1.016064 0.281249 0.006263
1.016064 0.281249 0.006263
1.016425 0.281581 0.006209
1.016425 0.281581 0.006209
1.016425 0.281581 0.006209
1.016929 0.282163 0.006318
1.016929 0.282163 0.006318
1.016929 0.282163 0.006318
1.017514 0.282535 0.006303
1.017514 0.282535 0.006303
1.017514 0.282535 0.006303
1.017514 0.282535 0.006303
1.018150 0.283059 0.006262
1.018150 0.283059 0.006262
1.018150 0.283059 0.006262
1.018774 0.283758 0.006306
1.018774 0.283758 0.006306
1.018774 0.283758 0.006306
1.019569 0.284475 0.006288
1.019569 0.284475 0.006288
1.019569 0.284475 0.006288
1.019569 0.284475 0.006288
1.020322 0.285214 0.006312
1.020322 0.285214 0.006312
1.020322 0.285214 0.006312
1.021235 0.285996 0.006327
1.021235 0.285996 0.006327
1.021235 0.285996 0.006327
1.022169 0.286693 0.006200
1.022169 0.286693 0.006200
1.022169 0.286693 0.006200
1.022169 0.286693 0.006200
1.022876 0.287540 0.006208
1.022876 0.287540 0.006208
1.022876 0.287540 0.006208
1.023618 0.288199 0.006215
1.023618 0.288199 0.006215
1.023618 0.288199 0.006215
1.024304 0.288939 0.006298
1.024304 0.288939 0.006298
1.024304 0.288939 0.006298
1.024304 0.288939 0.006298
1.025041 0.289675 0.006307
1.025041 0.289675 0.006307
1.025041 0.289675 0.006307
1.025885 0.290290 0.006261
1.025885 0.290290 0.006261
1.025885 0.290290 0.006261
1.026145 0.290841 0.006234
1.026145 0.290841 0.006234
1.026145 0.290841 0.006234
1.026145 0.290841 0.006234
1.026785 0.291110 0.006134
1.026785 0.291110 0.006134
1.026785 0.291110 0.006134
1.027078 0.291514 0.006064
1.027078 0.291514 0.006064
1.027078 0.291514 0.006064
1.027272 0.291826 0.006274
1.027272 0.291826 0.006274
1.027272 0.291826 0.006274
1.027272 0.291826 0.006274
1.027403 0.291908 0.006186
1.027403 0.291908 0.006186
1.027403 0.291908 0.006186
1.027453 0.292032 0.006223
1.027453 0.292032 0.006223
1.027453 0.292032 0.006223
1.027546 0.292131 0.006216
1.027546 0.292131 0.006216
1.027546 0.292131 0.006216
1.027546 0.292131 0.006216
1.027779 0.292205 0.006269
1.027779 0.292205 0.006269
1.027779 0.292205 0.006269
1.027789 0.292212 0.006169
1.027789 0.292212 0.006169
1.027789 0.292212 0.006169
1.027789 0.292212 0.006169
1.027883 0.292228 0.006210
1.027883 0.292228 0.006210
1.027883 0.292228 0.006210
1.027851 0.292289 0.006163
1.027851 0.292289 0.006163
1.027851 0.292289 0.006163
1.027854 0.292205 0.006225
1.027854 0.292205 0.006225
1.027854 0.292205 0.006225
1.027906 0.292275 0.006171
1.027906 0.292275 0.006171
1.027906 0.292275 0.006171
1.027906 0.292275 0.006171
1.027800 0.292036 0.006007
1.027800 0.292036 0.006007
1.027800 0.292036 0.006007
1.027806 0.292109 0.006079
1.027806 0.292109 0.006079
1.027806 0.292109 0.006079
1.027806 0.292109 0.006079
1.027736 0.292163 0.006234
1.027736 0.292163 0.006234
1.027736 0.292163 0.006234
1.027890 0.292244 0.006124
1.027890 0.292244 0.006124
1.027890 0.292244 0.006124
1.027734 0.292287 0.006081
1.027734 0.292287 0.006081
1.027734 0.292287 0.006081
1.027805 0.292180 0.006101
1.027805 0.292180 0.006101
1.027805 0.292180 0.006101
1.027805 0.292180 0.006101
1.027723 0.292365 0.006150
1.027723 0.292365 0.006150
1.027723 0.292365 0.006150
1.027783 0.292326 0.006215
1.027783 0.292326 0.006215
1.027783 0.292326 0.006215
1.027783 0.292326 0.006215
1.027809 0.292157 0.006133
1.027809 0.292157 0.006133
1.027809 0.292157 0.006133
1.027741 0.292306 0.006092
1.027741 0.292306 0.006092
1.027741 0.292306 0.006092
1.027720 0.292374 0.006108
1.027720 0.292374 0.006108
1.027720 0.292374 0.006108
1.027720 0.292374 0.006108
1.027690 0.292281 0.006184
1.027690 0.292281 0.006184
1.027690 0.292281 0.006184
1.027782 0.292197 0.006060
1.027782 0.292197 0.006060
1.027782 0.292197 0.006060
1.027825 0.292122 0.005978
1.027825 0.292122 0.005978
1.027825 0.292122 0.005978
1.027825 0.292122 0.005978
1.027566 0.292278 0.005979
1.027566 0.292278 0.005979
1.027566 0.292278 0.005979
1.027492 0.292245 0.006036
1.027492 0.292245 0.006036
1.027492 0.292245 0.006036
1.027542 0.292218 0.006134
1.027542 0.292218 0.006134
1.027542 0.292218 0.006134
1.027469 0.292196 0.006101
1.027469 0.292196 0.006101
1.027469 0.292196 0.006101
1.027469 0.292196 0.006101
1.027519 0.292150 0.006037
1.027519 0.292150 0.006037
1.027519 0.292150 0.006037
1.027470 0.292078 0.006068
1.027470 0.292078 0.006068
1.027470 0.292078 0.006068
1.027319 0.292061 0.006115
1.027319 0.292061 0.006115
1.027319 0.292061 0.006115
1.027319 0.292061 0.006115
1.027426 0.292109 0.006098
1.027426 0.292109 0.006098
1.027426 0.292109 0.006098
1.027457 0.292189 0.006129
1.027457 0.292189 0.006129
1.027457 0.292189 0.006129
1.027490 0.291994 0.006039
1.027490 0.291994 0.006039
1.027490 0.291994 0.006039
1.027490 0.291994 0.006039
1.027373 0.292121 0.006152
1.027373 0.292121 0.006152
1.027373 0.292121 0.006152
1.027410 0.292055 0.006060
1.027410 0.292055 0.006060
1.027410 0.292055 0.006060
1.027417 0.292077 0.006054
1.027417 0.292077 0.006054
1.027417 0.292077 0.006054
1.027417 0.292077 0.006054
1.027483 0.292131 0.006070
1.027483 0.292131 0.006070
1.027483 0.292131 0.006070
1.027381 0.292075 0.006063
1.027381 0.292075 0.006063
1.027381 0.292075 0.006063
1.027381 0.292075 0.006063
1.027432 0.292103 0.006129
1.027432 0.292103 0.006129
1.027432 0.292103 0.006129
1.027310 0.291796 0.006091
1.027310 0.291796 0.006091
1.027310 0.291796 0.006091
1.027260 0.291772 0.006304
1.027260 0.291772 0.006304
1.027260 0.291772 0.006304
1.027260 0.291772 0.006304
1.027235 0.291699 0.006319
1.027235 0.291699 0.006319
1.027235 0.291699 0.006319
1.027379 0.292045 0.006029
1.027379 0.292045 0.006029
1.027379 0.292045 0.006029
1.027436 0.291928 0.006005
1.027436 0.291928 0.006005
1.027436 0.291928 0.006005
1.027436 0.291928 0.006005
1.027529 0.291836 0.006079
1.027529 0.291836 0.006079
1.027529 0.291836 0.006079
1.027627 0.291967 0.006009
1.027627 0.291967 0.006009
1.027627 0.291967 0.006009
1.027391 0.291919 0.006093
1.027391 0.291919 0.006093
1.027391 0.291919 0.006093
1.027391 0.291919 0.006093
1.027292 0.291880 0.006118
1.027292 0.291880 0.006118
1.027292 0.291880 0.006118
1.027323 0.291838 0.006125
1.027323 0.291838 0.006125
1.027323 0.291838 0.006125
1.027404 0.291923 0.006009
1.027404 0.291923 0.006009
1.027404 0.291923 0.006009
1.027404 0.291923 0.006009
1.027472 0.291817 0.005931
1.027472 0.291817 0.005931
1.027472 0.291817 0.005931
1.027494 0.291886 0.005889
1.027494 0.291886 0.005889
1.027494 0.291886 0.005889
1.027376 0.291938 0.006060
1.027376 0.291938 0.006060
1.027376 0.291938 0.006060
1.027376 0.291938 0.006060
1.027334 0.292002 0.006027
1.027334 0.292002 0.006027
1.027334 0.292002 0.006027
1.027369 0.291937 0.006120
1.027369 0.291937 0.006120
1.027369 0.291937 0.006120
1.027393 0.291952 0.006117
1.027393 0.291952 0.006117
1.027393 0.291952 0.006117
1.027393 0.291952 0.006117
1.027345 0.291944 0.006092
1.027345 0.291944 0.006092
1.027345 0.291944 0.006092
1.027368 0.291957 0.005981
1.027368 0.291957 0.005981
1.027368 0.291957 0.005981
1.027221 0.291820 0.006040
1.027221 0.291820 0.006040
1.027221 0.291820 0.006040
1.027221 0.291820 0.006040
1.027294 0.291864 0.006159
1.027294 0.291864 0.006159
1.027294 0.291864 0.006159
1.027481 0.291932 0.006122
1.027481 0.291932 0.006122
1.027481 0.291932 0.006122
1.027457 0.291819 0.006086
1.027457 0.291819 0.006086
1.027457 0.291819 0.006086
1.027403 0.292003 0.006048
1.027403 0.292003 0.006048
1.027403 0.292003 0.006048
1.027403 0.292003 0.006048
1.027314 0.292026 0.005971
1.027314 0.292026 0.005971
1.027314 0.292026 0.005971
1.027338 0.291994 0.006004
1.027338 0.291994 0.006004
1.027338 0.291994 0.006004
1.027331 0.291910 0.006142
1.027331 0.291910 0.006142
1.027331 0.291910 0.006142
1.027331 0.291910 0.006142
1.027410 0.291977 0.006059
1.027410 0.291977 0.006059
1.027410 0.291977 0.006059
1.027469 0.292000 0.005953
1.027469 0.292000 0.005953
1.027469 0.292000 0.005953
1.027497 0.292018 0.006092
1.027497 0.292018 0.006092
1.027497 0.292018 0.006092
1.027497 0.292018 0.006092
1.027425 0.292004 0.006153
1.027425 0.292004 0.006153
1.027425 0.292004 0.006153
1.027418 0.291986 0.006042
1.027418 0.291986 0.006042
1.027418 0.291986 0.006042
1.027418 0.292025 0.006119
1.027418 0.292025 0.006119
1.027418 0.292025 0.006119
1.027418 0.292025 0.006119
1.027380 0.292076 0.006104
1.027380 0.292076 0.006104
1.027380 0.292076 0.006104
1.027512 0.292032 0.006024
1.027512 0.292032 0.006024
1.027512 0.292032 0.006024
1.027425 0.291974 0.006019
1.027425 0.291974 0.006019
1.027425 0.291974 0.006019
1.027425 0.291974 0.006019
1.027408 0.292042 0.006076
1.027408 0.292042 0.006076
1.027408 0.292042 0.006076
1.027502 0.292055 0.006097
1.027502 0.292055 0.006097
1.027502 0.292055 0.006097
1.027504 0.291959 0.005997
1.027504 0.291959 0.005997
1.027504 0.291959 0.005997
1.027504 0.291959 0.005997
1.027513 0.292138 0.005986
1.027513 0.292138 0.005986
1.027513 0.292138 0.005986
1.027502 0.292208 0.006001
1.027502 0.292208 0.006001
1.027502 0.292208 0.006001
1.027502 0.292208 0.006001
1.027529 0.292232 0.005962
1.027529 0.292232 0.005962
1.027529 0.292232 0.005962
1.027477 0.292149 0.005920
1.027477 0.292149 0.005920
1.027477 0.292149 0.005920
1.027460 0.291975 0.006100
1.027460 0.291975 0.006100
1.027460 0.291975 0.006100
1.027460 0.291975 0.006100
1.027342 0.292050 0.006079
1.027342 0.292050 0.006079
1.027342 0.292050 0.006079
1.027465 0.292040 0.005989
1.027465 0.292040 0.005989
1.027465 0.292040 0.005989
1.027386 0.292054 0.005977
1.027386 0.292054 0.005977
1.027386 0.292054 0.005977
1.027441 0.292000 0.005997
1.027441 0.292000 0.005997
1.027441 0.292000 0.005997
1.027441 0.292000 0.005997
1.027414 0.292060 0.005974
1.027414 0.292060 0.005974
1.027414 0.292060 0.005974
1.027407 0.292057 0.005984
1.027407 0.292057 0.005984
1.027407 0.292057 0.005984
1.027407 0.292057 0.005984
1.027382 0.291980 0.006036
1.027382 0.291980 0.006036
1.027382 0.291980 0.006036
1.027298 0.292026 0.006062
1.027298 0.292026 0.006062
1.027298 0.292026 0.006062
1.027328 0.292016 0.005990
1.027328 0.292016 0.005990
1.027328 0.292016 0.005990
1.027328 0.292016 0.005990
1.027341 0.291952 0.005985
1.027341 0.291952 0.005985
1.027341 0.291952 0.005985
1.027428 0.291860 0.005922
1.027428 0.291860 0.005922
1.027428 0.291860 0.005922
1.027347 0.291910 0.005934
1.027347 0.291910 0.005934
1.027347 0.291910 0.005934
