0.534654 0.188523 0.121971
0.534654 0.188523 0.121971
0.534654 0.188523 0.121971
0.534654 0.188523 0.121971
0.534654 0.188523 0.121971
0.534654 0.188523 0.121971
0.534654 0.188523 0.121971
0.534654 0.188523 0.121971
0.534654 0.188523 0.121971
0.534654 0.188523 0.121971
0.534654 0.188523 0.121971
0.534654 0.188523 0.121971
0.534654 0.188523 0.121971
0.534654 0.188523 0.121971
0.534654 0.188523 0.121971
0.534654 0.188523 0.121971
0.534654 0.188523 0.121971
0.534654 0.188523 0.121971
0.534654 0.188523 0.121971
0.534654 0.188523 0.121971
0.534654 0.188523 0.121971
0.534654 0.188523 0.121971
0.534654 0.188523 0.121971
0.534654 0.188523 0.121971
0.534654 0.188523 0.121971
0.534654 0.188523 0.121971
0.534654 0.188523 0.121971
0.534654 0.188523 0.121971
0.534654 0.188523 0.121971
0.534654 0.188523 0.121971
0.534654 0.188523 0.121971
0.534654 0.188523 0.121971
0.534654 0.188523 0.121971
0.534654 0.188523 0.121971
0.534654 0.188523 0.121971
0.534654 0.188523 0.121971
0.534654 0.188523 0.121971
0.534654 0.188523 0.121971
0.534654 0.188523 0.121971
0.534654 0.188523 0.121971
0.534654 0.188523 0.121971
0.534654 0.188523 0.121971
0.534654 0.188523 0.121971
0.534654 0.188523 0.121971
0.534654 0.188523 0.121971
0.534654 0.188523 0.121971
0.534654 0.188523 0.121971
0.534654 0.188523 0.121971
0.534654 0.188523 0.121971
0.534654 0.188523 0.121971
0.534654 0.188523 0.121971
0.534654 0.188523 0.121971
0.534654 0.188523 0.121971
0.534654 0.188523 0.121971
0.534654 0.188523 0.121971
0.534654 0.188523 0.121971
0.534654 0.188523 0.121971
0.534654 0.188523 0.121971
0.534654 0.188523 0.121971
0.534654 0.188523 0.121971
0.534654 0.188523 0.121971
0.534654 0.188523 0.121971
0.534654 0.188523 0.121971
0.534654 0.188523 0.121971
0.534654 0.188523 0.121971
0.534654 0.188523 0.121971
0.534654 0.188523 0.121971
0.534654 0.188523 0.121971
0.534654 0.188523 0.121971
0.534654 0.188523 0.121971
0.534654 0.188523 0.121971
0.534654 0.188523 0.121971
0.534654 0.188523 0.121971
0.534654 0.188523 0.121971
0.534654 0.188523 0.121971
0.534654 0.188523 0.121971
0.534654 0.188523 0.121971
0.538636 0.190412 0.122415
0.538636 0.190412 0.122415
0.538636 0.190412 0.122415
0.538636 0.190412 0.122415
0.538636 0.190412 0.122415
0.538636 0.190412 0.122415
0.538636 0.190412 0.122415
0.538636 0.190412 0.122415
0.538636 0.190412 0.122415
0.538636 0.190412 0.122415
0.538636 0.190412 0.122415
0.538636 0.190412 0.122415
0.538636 0.190412 0.122415
0.538636 0.190412 0.122415
0.538636 0.190412 0.122415
0.538636 0.190412 0.122415
0.538636 0.190412 0.122415
0.538636 0.190412 0.122415
0.538636 0.190412 0.122415
0.538636 0.190412 0.122415
0.538636 0.190412 0.122415
0.538636 0.190412 0.122415
0.538636 0.190412 0.122415
0.538636 0.190412 0.122415
0.538636 0.190412 0.122415
0.538636 0.190412 0.122415
0.538636 0.190412 0.122415
0.542450 0.194747 0.123098
0.542450 0.194747 0.123098
0.542450 0.194747 0.123098
0.542450 0.194747 0.123098
0.542450 0.194747 0.123098
0.542450 0.194747 0.123098
0.542450 0.194747 0.123098
0.542450 0.194747 0.123098
0.542450 0.194747 0.123098
0.542450 0.194747 0.123098
0.542450 0.194747 0.123098
0.542450 0.194747 0.123098
0.542450 0.194747 0.123098
0.546450 0.195932 0.123307
0.546450 0.195932 0.123307
0.546450 0.195932 0.123307
0.546109 0.198321 0.123533
0.546109 0.198321 0.123533
0.546109 0.198321 0.123533
0.548558 0.198307 0.123348
0.548558 0.198307 0.123348
0.548558 0.198307 0.123348
0.548558 0.198307 0.123348
0.548558 0.198307 0.123348
0.548558 0.198307 0.123348
0.548558 0.198307 0.123348
0.548558 0.198307 0.123348
0.548558 0.198307 0.123348
0.548558 0.198307 0.123348
0.548558 0.198307 0.123348
0.548558 0.198307 0.123348
0.548558 0.198307 0.123348
0.548558 0.198307 0.123348
0.548558 0.198307 0.123348
0.548558 0.198307 0.123348
0.548558 0.198307 0.123348
0.548558 0.198307 0.123348
0.548558 0.198307 0.123348
0.548558 0.198307 0.123348
0.548558 0.198307 0.123348
0.548558 0.198307 0.123348
0.548558 0.198307 0.123348
0.548558 0.198307 0.123348
0.550341 0.202324 0.123554
0.550341 0.202324 0.123554
0.550341 0.202324 0.123554
0.550341 0.202324 0.123554
0.550341 0.202324 0.123554
0.550341 0.202324 0.123554
0.550341 0.202324 0.123554
0.550341 0.202324 0.123554
0.550341 0.202324 0.123554
0.550341 0.202324 0.123554
0.550341 0.202324 0.123554
0.550341 0.202324 0.123554
0.550341 0.202324 0.123554
0.550341 0.202324 0.123554
0.550341 0.202324 0.123554
0.550341 0.202324 0.123554
0.550341 0.202324 0.123554
0.550341 0.202324 0.123554
0.550341 0.202324 0.123554
0.550341 0.202324 0.123554
0.554208 0.203071 0.123315
0.554208 0.203071 0.123315
0.554208 0.203071 0.123315
0.554208 0.203071 0.123315
0.554208 0.203071 0.123315
0.554208 0.203071 0.123315
0.554208 0.203071 0.123315
0.554208 0.203071 0.123315
0.554208 0.203071 0.123315
0.554208 0.203071 0.123315
0.554208 0.203071 0.123315
0.554208 0.203071 0.123315
0.554208 0.203071 0.123315
0.554208 0.203071 0.123315
0.554208 0.203071 0.123315
0.554208 0.203071 0.123315
0.559119 0.205701 0.122775
0.559119 0.205701 0.122775
0.559119 0.205701 0.122775
0.559119 0.205701 0.122775
0.559119 0.205701 0.122775
0.559119 0.205701 0.122775
0.559119 0.205701 0.122775
0.558107 0.208082 0.123018
0.558107 0.208082 0.123018
0.558107 0.208082 0.123018
0.558107 0.208082 0.123018
0.558107 0.208082 0.123018
0.558107 0.208082 0.123018
0.558107 0.208082 0.123018
0.558107 0.208082 0.123018
0.558107 0.208082 0.123018
0.558107 0.208082 0.123018
0.562029 0.209246 0.122200
0.562029 0.209246 0.122200
0.562029 0.209246 0.122200
0.562029 0.209246 0.122200
0.562029 0.209246 0.122200
0.562029 0.209246 0.122200
0.562029 0.209246 0.122200
0.563942 0.211258 0.121807
0.563942 0.211258 0.121807
0.563942 0.211258 0.121807
0.563942 0.211258 0.121807
0.563942 0.211258 0.121807
0.563942 0.211258 0.121807
0.563397 0.213033 0.121938
0.563397 0.213033 0.121938
0.563397 0.213033 0.121938
0.563397 0.213033 0.121938
0.563397 0.213033 0.121938
0.563397 0.213033 0.121938
0.563397 0.213033 0.121938
0.561590 0.215233 0.122352
0.561590 0.215233 0.122352
0.561590 0.215233 0.122352
0.561590 0.215233 0.122352
0.561590 0.215233 0.122352
0.561590 0.215233 0.122352
0.561590 0.215233 0.122352
0.567595 0.218203 0.120769
0.567595 0.218203 0.120769
0.567595 0.218203 0.120769
0.567595 0.218203 0.120769
0.567595 0.218203 0.120769
0.567595 0.218203 0.120769
0.567883 0.216655 0.120715
0.567883 0.216655 0.120715
0.567883 0.216655 0.120715
0.567883 0.216655 0.120715
0.567883 0.216655 0.120715
0.567883 0.216655 0.120715
0.567883 0.216655 0.120715
0.568524 0.218627 0.120509
0.568524 0.218627 0.120509
0.568524 0.218627 0.120509
0.568524 0.218627 0.120509
0.568524 0.218627 0.120509
0.568524 0.218627 0.120509
0.568524 0.218627 0.120509
0.568524 0.218627 0.120509
0.568524 0.218627 0.120509
0.568524 0.218627 0.120509
0.571167 0.222719 0.119622
0.571167 0.222719 0.119622
0.571167 0.222719 0.119622
0.571167 0.222719 0.119622
0.571167 0.222719 0.119622
0.571167 0.222719 0.119622
0.571167 0.222719 0.119622
0.571167 0.222719 0.119622
0.571167 0.222719 0.119622
0.571167 0.222719 0.119622
0.572720 0.223517 0.119149
0.572720 0.223517 0.119149
0.572720 0.223517 0.119149
0.572720 0.223517 0.119149
0.572720 0.223517 0.119149
0.572720 0.223517 0.119149
0.572720 0.223517 0.119149
0.572720 0.223517 0.119149
0.572720 0.223517 0.119149
0.572720 0.223517 0.119149
0.572720 0.223517 0.119149
0.572720 0.223517 0.119149
0.572720 0.223517 0.119149
0.576234 0.222255 0.118252
0.576234 0.222255 0.118252
0.576234 0.222255 0.118252
0.576234 0.222255 0.118252
0.574163 0.228073 0.118477
0.574163 0.228073 0.118477
0.574163 0.228073 0.118477
0.574163 0.228073 0.118477
0.574163 0.228073 0.118477
0.574163 0.228073 0.118477
0.579174 0.228925 0.116893
0.579174 0.228925 0.116893
0.579174 0.228925 0.116893
0.579174 0.228925 0.116893
0.579174 0.228925 0.116893
0.579174 0.228925 0.116893
0.579174 0.228925 0.116893
0.579174 0.228925 0.116893
0.579174 0.228925 0.116893
0.579174 0.228925 0.116893
0.579174 0.228925 0.116893
0.579174 0.228925 0.116893
0.579174 0.228925 0.116893
0.579174 0.228925 0.116893
0.580308 0.231492 0.116363
0.580308 0.231492 0.116363
0.580308 0.231492 0.116363
0.583368 0.231245 0.115415
0.583368 0.231245 0.115415
0.583368 0.231245 0.115415
0.583368 0.231245 0.115415
0.583368 0.231245 0.115415
0.583368 0.231245 0.115415
0.583368 0.231245 0.115415
0.583368 0.231245 0.115415
0.583368 0.231245 0.115415
0.583368 0.231245 0.115415
0.586595 0.234475 0.114210
0.586595 0.234475 0.114210
0.586595 0.234475 0.114210
0.585404 0.235209 0.114517
0.585404 0.235209 0.114517
0.585404 0.235209 0.114517
0.585404 0.235209 0.114517
0.585404 0.235209 0.114517
0.585404 0.235209 0.114517
0.585404 0.235209 0.114517
0.585404 0.235209 0.114517
0.585404 0.235209 0.114517
0.585404 0.235209 0.114517
0.584787 0.238173 0.114436
0.584787 0.238173 0.114436
0.584787 0.238173 0.114436
0.584787 0.238173 0.114436
0.584787 0.238173 0.114436
0.584787 0.238173 0.114436
0.584787 0.238173 0.114436
0.584787 0.238173 0.114436
0.584787 0.238173 0.114436
0.584787 0.238173 0.114436
0.584787 0.238173 0.114436
0.592022 0.241893 0.112003
0.592022 0.241893 0.112003
0.592022 0.241893 0.112003
0.592022 0.241893 0.112003
0.592022 0.241893 0.112003
0.592022 0.241893 0.112003
0.592022 0.241893 0.112003
0.592022 0.241893 0.112003
0.592022 0.241893 0.112003
0.591725 0.240227 0.112236
0.591725 0.240227 0.112236
0.591725 0.240227 0.112236
0.591725 0.240227 0.112236
0.591725 0.240227 0.112236
0.591725 0.240227 0.112236
0.591725 0.240227 0.112236
0.596728 0.243397 0.110485
0.596728 0.243397 0.110485
0.596728 0.243397 0.110485
0.596728 0.243397 0.110485
0.596728 0.243397 0.110485
0.596728 0.243397 0.110485
0.596728 0.243397 0.110485
0.596728 0.243397 0.110485
0.596728 0.243397 0.110485
0.596728 0.243397 0.110485
0.597065 0.248867 0.109870
0.597065 0.248867 0.109870
0.597065 0.248867 0.109870
0.597065 0.248867 0.109870
0.597065 0.248867 0.109870
0.597065 0.248867 0.109870
0.597065 0.248867 0.109870
0.597065 0.248867 0.109870
0.597065 0.248867 0.109870
0.597065 0.248867 0.109870
0.597065 0.248867 0.109870
0.597065 0.248867 0.109870
0.597065 0.248867 0.109870
0.597065 0.248867 0.109870
0.597065 0.248867 0.109870
0.597065 0.248867 0.109870
0.597065 0.248867 0.109870
0.597065 0.248867 0.109870
0.597065 0.248867 0.109870
0.597065 0.248867 0.109870
0.602820 0.251659 0.107963
0.602820 0.251659 0.107963
0.602820 0.251659 0.107963
0.602820 0.251659 0.107963
0.602820 0.251659 0.107963
0.602820 0.251659 0.107963
0.602820 0.251659 0.107963
0.602820 0.251659 0.107963
0.602820 0.251659 0.107963
0.602820 0.251659 0.107963
0.602820 0.251659 0.107963
0.602820 0.251659 0.107963
0.602820 0.251659 0.107963
0.602820 0.251659 0.107963
0.602820 0.251659 0.107963
0.602820 0.251659 0.107963
0.602820 0.251659 0.107963
0.602820 0.251659 0.107963
0.602820 0.251659 0.107963
0.602820 0.251659 0.107963
0.607065 0.255898 0.106432
0.607065 0.255898 0.106432
0.607065 0.255898 0.106432
0.608128 0.255951 0.106143
0.608128 0.255951 0.106143
0.608128 0.255951 0.106143
0.608128 0.255951 0.106143
0.608128 0.255951 0.106143
0.608128 0.255951 0.106143
0.608128 0.255951 0.106143
0.608128 0.255951 0.106143
0.608128 0.255951 0.106143
0.608128 0.255951 0.106143
0.608128 0.255951 0.106143
0.608128 0.255951 0.106143
0.608128 0.255951 0.106143
0.608128 0.255951 0.106143
0.609730 0.257585 0.105549
0.609730 0.257585 0.105549
0.609730 0.257585 0.105549
0.609730 0.257585 0.105549
0.609730 0.257585 0.105549
0.609730 0.257585 0.105549
0.609730 0.257585 0.105549
0.609730 0.257585 0.105549
0.609730 0.257585 0.105549
0.609730 0.257585 0.105549
0.609730 0.257585 0.105549
0.609730 0.257585 0.105549
0.609730 0.257585 0.105549
0.609730 0.257585 0.105549
0.609730 0.257585 0.105549
0.609730 0.257585 0.105549
0.613737 0.261813 0.103970
0.613737 0.261813 0.103970
0.613737 0.261813 0.103970
0.613737 0.261813 0.103970
0.613737 0.261813 0.103970
0.613737 0.261813 0.103970
0.613737 0.261813 0.103970
0.613737 0.261813 0.103970
0.613737 0.261813 0.103970
0.613737 0.261813 0.103970
0.613737 0.261813 0.103970
0.613737 0.261813 0.103970
0.613737 0.261813 0.103970
0.613737 0.261813 0.103970
0.616078 0.262648 0.103230
0.616078 0.262648 0.103230
0.616078 0.262648 0.103230
0.616078 0.262648 0.103230
0.616078 0.262648 0.103230
0.616078 0.262648 0.103230
0.616078 0.262648 0.103230
0.616078 0.262648 0.103230
0.616078 0.262648 0.103230
0.616078 0.262648 0.103230
0.616078 0.262648 0.103230
0.616078 0.262648 0.103230
0.616078 0.262648 0.103230
0.616078 0.262648 0.103230
0.616078 0.262648 0.103230
0.616078 0.262648 0.103230
0.616078 0.262648 0.103230
0.618677 0.264097 0.102326
0.618677 0.264097 0.102326
0.618677 0.264097 0.102326
0.618677 0.264097 0.102326
0.618677 0.264097 0.102326
0.618677 0.264097 0.102326
0.618677 0.264097 0.102326
0.618677 0.264097 0.102326
0.618677 0.264097 0.102326
0.618677 0.264097 0.102326
0.618677 0.264097 0.102326
0.618677 0.264097 0.102326
0.618677 0.264097 0.102326
0.622656 0.270221 0.100432
0.622656 0.270221 0.100432
0.622656 0.270221 0.100432
0.622656 0.270221 0.100432
0.622656 0.270221 0.100432
0.622656 0.270221 0.100432
0.622656 0.270221 0.100432
0.622656 0.270221 0.100432
0.622656 0.270221 0.100432
0.622656 0.270221 0.100432
0.622656 0.270221 0.100432
0.622656 0.270221 0.100432
0.622656 0.270221 0.100432
0.622656 0.270221 0.100432
0.622656 0.270221 0.100432
0.622656 0.270221 0.100432
0.622656 0.270221 0.100432
0.622656 0.270221 0.100432
0.622656 0.270221 0.100432
0.622656 0.270221 0.100432
0.622656 0.270221 0.100432
0.622656 0.270221 0.100432
0.622656 0.270221 0.100432
0.622656 0.270221 0.100432
0.622656 0.270221 0.100432
0.622656 0.270221 0.100432
0.622656 0.270221 0.100432
0.618677 0.264097 0.102326
0.618677 0.264097 0.102326
0.618677 0.264097 0.102326
0.618677 0.264097 0.102326
0.618677 0.264097 0.102326
0.618677 0.264097 0.102326
0.622369 0.266408 0.100995
0.622369 0.266408 0.100995
0.622369 0.266408 0.100995
0.622369 0.266408 0.100995
0.622369 0.266408 0.100995
0.622369 0.266408 0.100995
0.622369 0.266408 0.100995
0.622369 0.266408 0.100995
0.622369 0.266408 0.100995
0.622369 0.266408 0.100995
0.622369 0.266408 0.100995
0.622369 0.266408 0.100995
0.622369 0.266408 0.100995
0.622369 0.266408 0.100995
0.622369 0.266408 0.100995
0.622369 0.266408 0.100995
0.622369 0.266408 0.100995
0.622369 0.266408 0.100995
0.622369 0.266408 0.100995
0.622369 0.266408 0.100995
0.622369 0.266408 0.100995
0.622369 0.266408 0.100995
0.622369 0.266408 0.100995
0.622369 0.266408 0.100995
0.626221 0.263517 0.100283
0.626221 0.263517 0.100283
0.626221 0.263517 0.100283
0.626221 0.263517 0.100283
0.626221 0.263517 0.100283
0.626221 0.263517 0.100283
0.626221 0.263517 0.100283
0.626221 0.263517 0.100283
0.626221 0.263517 0.100283
0.626221 0.263517 0.100283
0.626221 0.263517 0.100283
0.626221 0.263517 0.100283
0.626221 0.263517 0.100283
0.630745 0.261186 0.099306
0.630745 0.261186 0.099306
0.630745 0.261186 0.099306
0.630745 0.261186 0.099306
0.630745 0.261186 0.099306
0.630745 0.261186 0.099306
0.630745 0.261186 0.099306
0.630745 0.261186 0.099306
0.630745 0.261186 0.099306
0.630745 0.261186 0.099306
0.631612 0.257800 0.099429
0.631612 0.257800 0.099429
0.631612 0.257800 0.099429
0.631612 0.257800 0.099429
0.631612 0.257800 0.099429
0.631612 0.257800 0.099429
0.633699 0.258897 0.098781
0.633699 0.258897 0.098781
0.633699 0.258897 0.098781
0.633699 0.258897 0.098781
0.633699 0.258897 0.098781
0.633699 0.258897 0.098781
0.633699 0.258897 0.098781
0.633699 0.258897 0.098781
0.633699 0.258897 0.098781
0.633699 0.258897 0.098781
0.633699 0.258897 0.098781
0.637527 0.254907 0.098222
0.637527 0.254907 0.098222
0.637527 0.254907 0.098222
0.637527 0.254907 0.098222
0.637527 0.254907 0.098222
0.637527 0.254907 0.098222
0.637527 0.254907 0.098222
0.637527 0.254907 0.098222
0.637527 0.254907 0.098222
0.637527 0.254907 0.098222
0.637527 0.254907 0.098222
0.637527 0.254907 0.098222
0.637527 0.254907 0.098222
0.642286 0.251271 0.097424
0.642286 0.251271 0.097424
0.642286 0.251271 0.097424
0.642286 0.251271 0.097424
0.642286 0.251271 0.097424
0.642286 0.251271 0.097424
0.642286 0.251271 0.097424
0.642286 0.251271 0.097424
0.642286 0.251271 0.097424
0.642286 0.251271 0.097424
0.642286 0.251271 0.097424
0.642286 0.251271 0.097424
0.642286 0.251271 0.097424
0.642286 0.251271 0.097424
0.642286 0.251271 0.097424
0.642286 0.251271 0.097424
0.642395 0.247652 0.097785
0.642395 0.247652 0.097785
0.642395 0.247652 0.097785
0.642395 0.247652 0.097785
0.642395 0.247652 0.097785
0.642395 0.247652 0.097785
0.642395 0.247652 0.097785
0.642395 0.247652 0.097785
0.642395 0.247652 0.097785
0.642395 0.247652 0.097785
0.642395 0.247652 0.097785
0.642395 0.247652 0.097785
0.642395 0.247652 0.097785
0.642395 0.247652 0.097785
0.648195 0.245689 0.096623
0.648195 0.245689 0.096623
0.648195 0.245689 0.096623
0.648195 0.245689 0.096623
0.648195 0.245689 0.096623
0.648195 0.245689 0.096623
0.648195 0.245689 0.096623
0.648195 0.245689 0.096623
0.648195 0.245689 0.096623
0.648195 0.245689 0.096623
0.648114 0.243136 0.096919
0.648114 0.243136 0.096919
0.648114 0.243136 0.096919
0.648114 0.243136 0.096919
0.648114 0.243136 0.096919
0.648114 0.243136 0.096919
0.648114 0.243136 0.096919
0.647089 0.241628 0.097303
0.647089 0.241628 0.097303
0.647089 0.241628 0.097303
0.647089 0.241628 0.097303
0.647089 0.241628 0.097303
0.647089 0.241628 0.097303
0.650151 0.243900 0.096392
0.650151 0.243900 0.096392
0.650151 0.243900 0.096392
0.650151 0.243900 0.096392
0.650151 0.243900 0.096392
0.650151 0.243900 0.096392
0.650151 0.243900 0.096392
0.650151 0.243900 0.096392
0.650151 0.243900 0.096392
0.650151 0.243900 0.096392
0.650151 0.243900 0.096392
0.650151 0.243900 0.096392
0.650151 0.243900 0.096392
0.650151 0.243900 0.096392
0.650151 0.243900 0.096392
0.650151 0.243900 0.096392
0.650151 0.243900 0.096392
0.650151 0.243900 0.096392
0.650151 0.243900 0.096392
0.650151 0.243900 0.096392
0.650151 0.243900 0.096392
0.650151 0.243900 0.096392
0.650151 0.243900 0.096392
0.650151 0.243900 0.096392
0.650151 0.243900 0.096392
0.650151 0.243900 0.096392
0.650151 0.243900 0.096392
0.650151 0.243900 0.096392
0.650151 0.243900 0.096392
0.650151 0.243900 0.096392
0.650151 0.243900 0.096392
0.650151 0.243900 0.096392
0.650151 0.243900 0.096392
0.650151 0.243900 0.096392
0.650151 0.243900 0.096392
0.650151 0.243900 0.096392
0.650151 0.243900 0.096392
0.647088 0.239081 0.097577
0.647088 0.239081 0.097577
0.647088 0.239081 0.097577
0.647088 0.239081 0.097577
0.647088 0.239081 0.097577
0.647088 0.239081 0.097577
0.647088 0.239081 0.097577
0.647088 0.239081 0.097577
0.647088 0.239081 0.097577
0.647088 0.239081 0.097577
0.647088 0.239081 0.097577
0.647088 0.239081 0.097577
0.647088 0.239081 0.097577
0.647088 0.239081 0.097577
0.647088 0.239081 0.097577
0.647088 0.239081 0.097577
0.647088 0.239081 0.097577
0.647088 0.239081 0.097577
0.647088 0.239081 0.097577
0.647088 0.239081 0.097577
0.647088 0.239081 0.097577
0.647088 0.239081 0.097577
0.647088 0.239081 0.097577
0.647088 0.239081 0.097577
0.647088 0.239081 0.097577
0.647088 0.239081 0.097577
0.647088 0.239081 0.097577
0.647088 0.239081 0.097577
0.647088 0.239081 0.097577
0.647088 0.239081 0.097577
0.647088 0.239081 0.097577
0.647088 0.239081 0.097577
0.647088 0.239081 0.097577
0.647088 0.239081 0.097577
0.647088 0.239081 0.097577
0.647088 0.239081 0.097577
0.647088 0.239081 0.097577
0.647088 0.239081 0.097577
0.647088 0.239081 0.097577
0.647088 0.239081 0.097577
0.648362 0.235449 0.097691
0.648362 0.235449 0.097691
0.648362 0.235449 0.097691
0.648362 0.235449 0.097691
0.648362 0.235449 0.097691
0.648362 0.235449 0.097691
0.648362 0.235449 0.097691
0.648362 0.235449 0.097691
0.648362 0.235449 0.097691
0.648362 0.235449 0.097691
0.648362 0.235449 0.097691
0.648362 0.235449 0.097691
0.648362 0.235449 0.097691
0.645011 0.230408 0.098902
0.645011 0.230408 0.098902
0.645011 0.230408 0.098902
0.645011 0.230408 0.098902
0.645011 0.230408 0.098902
0.645011 0.230408 0.098902
0.645011 0.230408 0.098902
0.645011 0.230408 0.098902
0.645011 0.230408 0.098902
0.645011 0.230408 0.098902
0.640718 0.231490 0.099732
0.640718 0.231490 0.099732
0.640718 0.231490 0.099732
0.640165 0.225084 0.100447
0.640165 0.225084 0.100447
0.640165 0.225084 0.100447
0.640165 0.225084 0.100447
0.640165 0.225084 0.100447
0.640165 0.225084 0.100447
0.640165 0.225084 0.100447
0.640165 0.225084 0.100447
0.640165 0.225084 0.100447
0.640165 0.225084 0.100447
0.639381 0.224652 0.100658
0.639381 0.224652 0.100658
0.639381 0.224652 0.100658
0.639381 0.224652 0.100658
0.638722 0.224479 0.100819
0.638722 0.224479 0.100819
0.638722 0.224479 0.100819
0.634420 0.222706 0.101925
0.634420 0.222706 0.101925
0.634420 0.222706 0.101925
0.634420 0.222706 0.101925
0.634420 0.222706 0.101925
0.634420 0.222706 0.101925
0.634420 0.222706 0.101925
0.633403 0.219288 0.102437
0.633403 0.219288 0.102437
0.633403 0.219288 0.102437
0.633403 0.219288 0.102437
0.633403 0.219288 0.102437
0.633403 0.219288 0.102437
0.633403 0.219288 0.102437
0.633403 0.219288 0.102437
0.633403 0.219288 0.102437
0.633403 0.219288 0.102437
0.630602 0.216461 0.103298
0.630602 0.216461 0.103298
0.630602 0.216461 0.103298
0.630602 0.216461 0.103298
0.630602 0.216461 0.103298
0.630602 0.216461 0.103298
0.630602 0.216461 0.103298
0.630602 0.216461 0.103298
0.630602 0.216461 0.103298
0.630602 0.216461 0.103298
0.628604 0.216891 0.103720
0.628604 0.216891 0.103720
0.628604 0.216891 0.103720
0.628604 0.216891 0.103720
0.628604 0.216891 0.103720
0.628604 0.216891 0.103720
0.626467 0.211222 0.104642
0.626467 0.211222 0.104642
0.626467 0.211222 0.104642
0.626467 0.211222 0.104642
0.624788 0.214629 0.104773
0.624788 0.214629 0.104773
0.624788 0.214629 0.104773
0.624788 0.214629 0.104773
0.624788 0.214629 0.104773
0.624788 0.214629 0.104773
0.624788 0.214629 0.104773
0.624788 0.214629 0.104773
0.624788 0.214629 0.104773
0.624788 0.214629 0.104773
0.624619 0.208913 0.105169
0.624619 0.208913 0.105169
0.624619 0.208913 0.105169
0.624619 0.208913 0.105169
0.624619 0.208913 0.105169
0.624619 0.208913 0.105169
0.620056 0.209561 0.106251
0.620056 0.209561 0.106251
0.620056 0.209561 0.106251
0.620056 0.209561 0.106251
0.620056 0.209561 0.106251
0.620056 0.209561 0.106251
0.620056 0.209561 0.106251
0.620056 0.209561 0.106251
0.620056 0.209561 0.106251
0.620056 0.209561 0.106251
0.620458 0.206462 0.106304
0.620458 0.206462 0.106304
0.620458 0.206462 0.106304
0.620458 0.206462 0.106304
0.617947 0.206768 0.106946
0.617947 0.206768 0.106946
0.617947 0.206768 0.106946
0.615590 0.205715 0.107616
0.615590 0.205715 0.107616
0.615590 0.205715 0.107616
0.615590 0.205715 0.107616
0.615590 0.205715 0.107616
0.615590 0.205715 0.107616
0.615590 0.205715 0.107616
0.615590 0.205715 0.107616
0.615590 0.205715 0.107616
0.615590 0.205715 0.107616
0.615590 0.205715 0.107616
0.615590 0.205715 0.107616
0.615590 0.205715 0.107616
0.615590 0.205715 0.107616
0.613099 0.199539 0.108455
0.613099 0.199539 0.108455
0.613099 0.199539 0.108455
0.613099 0.199539 0.108455
0.613099 0.199539 0.108455
0.613099 0.199539 0.108455
0.613099 0.199539 0.108455
0.613099 0.199539 0.108455
0.613099 0.199539 0.108455
0.613099 0.199539 0.108455
0.613099 0.199539 0.108455
0.613099 0.199539 0.108455
0.613099 0.199539 0.108455
0.613099 0.199539 0.108455
0.613099 0.199539 0.108455
0.613099 0.199539 0.108455
0.608681 0.197357 0.109679
0.608681 0.197357 0.109679
0.608681 0.197357 0.109679
0.608681 0.197357 0.109679
0.608681 0.197357 0.109679
0.608681 0.197357 0.109679
0.608681 0.197357 0.109679
0.608681 0.197357 0.109679
0.608681 0.197357 0.109679
0.608681 0.197357 0.109679
0.609367 0.193433 0.109589
0.609367 0.193433 0.109589
0.609367 0.193433 0.109589
0.609367 0.193433 0.109589
0.609367 0.193433 0.109589
0.609367 0.193433 0.109589
0.609367 0.193433 0.109589
0.605436 0.191241 0.110670
0.605436 0.191241 0.110670
0.605436 0.191241 0.110670
0.605436 0.191241 0.110670
0.605436 0.191241 0.110670
0.605436 0.191241 0.110670
0.605436 0.191241 0.110670
0.605436 0.191241 0.110670
0.605436 0.191241 0.110670
0.605436 0.191241 0.110670
0.605436 0.191241 0.110670
0.605436 0.191241 0.110670
0.605436 0.191241 0.110670
0.600282 0.192146 0.112021
0.600282 0.192146 0.112021
0.600282 0.192146 0.112021
0.603731 0.184899 0.111232
0.603731 0.184899 0.111232
0.603731 0.184899 0.111232
0.603731 0.184899 0.111232
0.598068 0.186373 0.112737
0.598068 0.186373 0.112737
0.598068 0.186373 0.112737
0.598827 0.185814 0.112541
0.598827 0.185814 0.112541
0.598827 0.185814 0.112541
0.598827 0.185814 0.112541
0.598827 0.185814 0.112541
0.598827 0.185814 0.112541
0.598827 0.185814 0.112541
0.596999 0.182714 0.113068
0.596999 0.182714 0.113068
0.596999 0.182714 0.113068
0.596999 0.182714 0.113068
0.596999 0.182714 0.113068
0.596999 0.182714 0.113068
0.592077 0.181453 0.114383
0.592077 0.181453 0.114383
0.592077 0.181453 0.114383
0.592077 0.181453 0.114383
0.594926 0.178993 0.113587
0.594926 0.178993 0.113587
0.594926 0.178993 0.113587
0.594161 0.176551 0.113767
0.594161 0.176551 0.113767
0.594161 0.176551 0.113767
0.594161 0.176551 0.113767
0.590873 0.176607 0.114646
0.590873 0.176607 0.114646
0.590873 0.176607 0.114646
0.590873 0.176607 0.114646
0.590873 0.176607 0.114646
0.590873 0.176607 0.114646
0.588671 0.174059 0.115162
0.588671 0.174059 0.115162
0.588671 0.174059 0.115162
0.588671 0.174059 0.115162
0.588671 0.174059 0.115162
0.588671 0.174059 0.115162
0.588671 0.174059 0.115162
0.585840 0.171657 0.115840
0.585840 0.171657 0.115840
0.585840 0.171657 0.115840
0.585840 0.171657 0.115840
0.585840 0.171657 0.115840
0.585840 0.171657 0.115840
0.585840 0.171657 0.115840
0.585840 0.171657 0.115840
0.585840 0.171657 0.115840
0.585840 0.171657 0.115840
0.585840 0.171657 0.115840
0.585840 0.171657 0.115840
0.585840 0.171657 0.115840
0.584419 0.172059 0.116201
0.584419 0.172059 0.116201
0.584419 0.172059 0.116201
0.583166 0.170451 0.116430
0.583166 0.170451 0.116430
0.583166 0.170451 0.116430
0.583166 0.170451 0.116430
0.583166 0.170451 0.116430
0.583166 0.170451 0.116430
0.583166 0.170451 0.116430
0.583166 0.170451 0.116430
0.583166 0.170451 0.116430
0.583166 0.170451 0.116430
0.583166 0.170451 0.116430
0.583166 0.170451 0.116430
0.583166 0.170451 0.116430
0.583166 0.170451 0.116430
0.580740 0.167721 0.116887
0.580740 0.167721 0.116887
0.580740 0.167721 0.116887
0.581942 0.162948 0.116389
0.581942 0.162948 0.116389
0.581942 0.162948 0.116389
0.581942 0.162948 0.116389
0.581942 0.162948 0.116389
0.581942 0.162948 0.116389
0.581942 0.162948 0.116389
0.581942 0.162948 0.116389
0.581942 0.162948 0.116389
0.581942 0.162948 0.116389
0.581942 0.162948 0.116389
0.581942 0.162948 0.116389
0.581942 0.162948 0.116389
0.581942 0.162948 0.116389
0.581942 0.162948 0.116389
0.581942 0.162948 0.116389
0.581942 0.162948 0.116389
0.581942 0.162948 0.116389
0.581942 0.162948 0.116389
0.581942 0.162948 0.116389
0.581942 0.162948 0.116389
0.581942 0.162948 0.116389
0.581942 0.162948 0.116389
0.581942 0.162948 0.116389
0.581942 0.162948 0.116389
0.581942 0.162948 0.116389
0.581942 0.162948 0.116389
0.581942 0.162948 0.116389
0.581942 0.162948 0.116389
0.581942 0.162948 0.116389
0.581942 0.162948 0.116389
0.581942 0.162948 0.116389
0.581942 0.162948 0.116389
0.581942 0.162948 0.116389
0.581942 0.162948 0.116389
0.581942 0.162948 0.116389
0.581942 0.162948 0.116389
0.581942 0.162948 0.116389
0.581942 0.162948 0.116389
0.581942 0.162948 0.116389
0.581942 0.162948 0.116389
0.581942 0.162948 0.116389
0.581942 0.162948 0.116389
0.581942 0.162948 0.116389
0.581942 0.162948 0.116389
0.581942 0.162948 0.116389
0.581942 0.162948 0.116389
0.581942 0.162948 0.116389
0.581942 0.162948 0.116389
0.581942 0.162948 0.116389
0.576809 0.163305 0.117551
0.576809 0.163305 0.117551
0.576809 0.163305 0.117551
0.576809 0.163305 0.117551
0.576809 0.163305 0.117551
0.576809 0.163305 0.117551
0.576809 0.163305 0.117551
0.576809 0.163305 0.117551
0.576809 0.163305 0.117551
0.576809 0.163305 0.117551
0.576809 0.163305 0.117551
0.576809 0.163305 0.117551
0.576809 0.163305 0.117551
0.576809 0.163305 0.117551
0.576809 0.163305 0.117551
0.576809 0.163305 0.117551
0.576809 0.163305 0.117551
0.576809 0.163305 0.117551
0.576809 0.163305 0.117551
0.576809 0.163305 0.117551
0.576809 0.163305 0.117551
0.576809 0.163305 0.117551
0.576809 0.163305 0.117551
0.576809 0.163305 0.117551
0.576809 0.163305 0.117551
0.576809 0.163305 0.117551
0.576809 0.163305 0.117551
0.576809 0.163305 0.117551
0.576809 0.163305 0.117551
0.576809 0.163305 0.117551
0.576809 0.163305 0.117551
0.576809 0.163305 0.117551
0.576809 0.163305 0.117551
0.576512 0.160505 0.117413
0.576512 0.160505 0.117413
0.576512 0.160505 0.117413
0.576512 0.160505 0.117413
0.576512 0.160505 0.117413
0.576512 0.160505 0.117413
0.576512 0.160505 0.117413
0.576512 0.160505 0.117413
0.576512 0.160505 0.117413
0.576512 0.160505 0.117413
0.576512 0.160505 0.117413
0.576512 0.160505 0.117413
0.576512 0.160505 0.117413
0.576512 0.160505 0.117413
0.576512 0.160505 0.117413
0.576512 0.160505 0.117413
0.576512 0.160505 0.117413
0.577248 0.155840 0.117004
0.577248 0.155840 0.117004
0.577248 0.155840 0.117004
0.577248 0.155840 0.117004
0.577248 0.155840 0.117004
0.577248 0.155840 0.117004
0.577248 0.155840 0.117004
0.577248 0.155840 0.117004
0.577248 0.155840 0.117004
0.577248 0.155840 0.117004
0.577248 0.155840 0.117004
0.577248 0.155840 0.117004
0.577248 0.155840 0.117004
0.577248 0.155840 0.117004
0.577248 0.155840 0.117004
0.577248 0.155840 0.117004
0.577248 0.155840 0.117004
0.573336 0.154607 0.117500
0.573336 0.154607 0.117500
0.573336 0.154607 0.117500
0.573336 0.154607 0.117500
0.573336 0.154607 0.117500
0.573336 0.154607 0.117500
0.573059 0.153880 0.117494
0.573059 0.153880 0.117494
0.573059 0.153880 0.117494
0.573059 0.153880 0.117494
0.571346 0.151588 0.117524
0.571346 0.151588 0.117524
0.571346 0.151588 0.117524
0.571346 0.151588 0.117524
0.571346 0.151588 0.117524
0.571346 0.151588 0.117524
0.571346 0.151588 0.117524
0.571346 0.151588 0.117524
0.571346 0.151588 0.117524
0.571346 0.151588 0.117524
0.571346 0.151588 0.117524
0.571346 0.151588 0.117524
0.571346 0.151588 0.117524
0.570669 0.146639 0.117113
0.570669 0.146639 0.117113
0.570669 0.146639 0.117113
0.566221 0.143940 0.117366
0.566221 0.143940 0.117366
0.566221 0.143940 0.117366
0.566221 0.143940 0.117366
0.563412 0.146695 0.117905
0.563412 0.146695 0.117905
0.563412 0.146695 0.117905
0.563412 0.146695 0.117905
0.563412 0.146695 0.117905
0.563412 0.146695 0.117905
0.563412 0.146695 0.117905
0.563412 0.146695 0.117905
0.563412 0.146695 0.117905
0.563412 0.146695 0.117905
0.562713 0.143069 0.117539
0.562713 0.143069 0.117539
0.562713 0.143069 0.117539
0.562713 0.143069 0.117539
0.562713 0.143069 0.117539
0.562713 0.143069 0.117539
0.562713 0.143069 0.117539
0.562713 0.143069 0.117539
0.562713 0.143069 0.117539
0.562713 0.143069 0.117539
0.562713 0.143069 0.117539
0.562713 0.143069 0.117539
0.562713 0.143069 0.117539
0.560613 0.142283 0.117541
0.560613 0.142283 0.117541
0.560613 0.142283 0.117541
0.561313 0.136514 0.116885
0.561313 0.136514 0.116885
0.561313 0.136514 0.116885
0.561313 0.136514 0.116885
0.561313 0.136514 0.116885
0.561313 0.136514 0.116885
0.561313 0.136514 0.116885
0.556128 0.137500 0.117145
0.556128 0.137500 0.117145
0.556128 0.137500 0.117145
0.556128 0.137500 0.117145
0.556128 0.137500 0.117145
0.556128 0.137500 0.117145
0.556128 0.137500 0.117145
0.556128 0.137500 0.117145
0.556128 0.137500 0.117145
0.556128 0.137500 0.117145
0.556128 0.137500 0.117145
0.556128 0.137500 0.117145
0.556128 0.137500 0.117145
0.556128 0.137500 0.117145
0.556128 0.137500 0.117145
0.556128 0.137500 0.117145
0.556128 0.137500 0.117145
0.556128 0.137500 0.117145
0.556128 0.137500 0.117145
0.556128 0.137500 0.117145
0.556128 0.137500 0.117145
0.556128 0.137500 0.117145
0.556128 0.137500 0.117145
0.556128 0.137500 0.117145
0.556128 0.137500 0.117145
0.556128 0.137500 0.117145
0.556128 0.137500 0.117145
0.556128 0.137500 0.117145
0.556128 0.137500 0.117145
0.556128 0.137500 0.117145
0.556128 0.137500 0.117145
0.556128 0.137500 0.117145
0.556128 0.137500 0.117145
0.556128 0.137500 0.117145
0.556128 0.137500 0.117145
0.556128 0.137500 0.117145
0.556128 0.137500 0.117145
0.556128 0.137500 0.117145
0.556128 0.137500 0.117145
0.556128 0.137500 0.117145
0.556128 0.137500 0.117145
0.556128 0.137500 0.117145
0.556128 0.137500 0.117145
0.556128 0.137500 0.117145
0.556128 0.137500 0.117145
0.556128 0.137500 0.117145
0.556128 0.137500 0.117145
0.558046 0.132098 0.116458
0.558046 0.132098 0.116458
0.558046 0.132098 0.116458
0.558046 0.132098 0.116458
0.558046 0.132098 0.116458
0.558046 0.132098 0.116458
0.558046 0.132098 0.116458
0.558046 0.132098 0.116458
0.558046 0.132098 0.116458
0.558046 0.132098 0.116458
0.558046 0.132098 0.116458
0.558046 0.132098 0.116458
0.558046 0.132098 0.116458
0.558046 0.132098 0.116458
0.558046 0.132098 0.116458
0.558046 0.132098 0.116458
0.558046 0.132098 0.116458
0.558046 0.132098 0.116458
0.558046 0.132098 0.116458
0.558046 0.132098 0.116458
0.558046 0.132098 0.116458
0.558046 0.132098 0.116458
0.558046 0.132098 0.116458
0.558046 0.132098 0.116458
0.558046 0.132098 0.116458
0.558046 0.132098 0.116458
0.558046 0.132098 0.116458
0.558046 0.132098 0.116458
0.558046 0.132098 0.116458
0.558046 0.132098 0.116458
0.558939 0.126275 0.115761
0.558939 0.126275 0.115761
0.558939 0.126275 0.115761
0.558939 0.126275 0.115761
0.558939 0.126275 0.115761
0.558939 0.126275 0.115761
0.558939 0.126275 0.115761
0.558939 0.126275 0.115761
0.558939 0.126275 0.115761
0.558939 0.126275 0.115761
0.563244 0.125271 0.115562
0.563244 0.125271 0.115562
0.563244 0.125271 0.115562
0.564279 0.121595 0.115101
0.564279 0.121595 0.115101
0.564279 0.121595 0.115101
0.564279 0.121595 0.115101
0.564279 0.121595 0.115101
0.564279 0.121595 0.115101
0.564279 0.121595 0.115101
0.567383 0.119273 0.114798
0.567383 0.119273 0.114798
0.567383 0.119273 0.114798
0.567383 0.119273 0.114798
0.567383 0.119273 0.114798
0.567383 0.119273 0.114798
0.567383 0.119273 0.114798
0.570391 0.117962 0.114572
0.570391 0.117962 0.114572
0.570391 0.117962 0.114572
0.570391 0.117962 0.114572
0.570391 0.117962 0.114572
0.570391 0.117962 0.114572
0.570391 0.117962 0.114572
0.570391 0.117962 0.114572
0.570391 0.117962 0.114572
0.572628 0.119005 0.114493
0.572628 0.119005 0.114493
0.572628 0.119005 0.114493
0.572628 0.119005 0.114493
0.573412 0.115664 0.114146
0.573412 0.115664 0.114146
0.573412 0.115664 0.114146
0.573412 0.115664 0.114146
0.573412 0.115664 0.114146
0.573412 0.115664 0.114146
0.576112 0.113985 0.113750
0.576112 0.113985 0.113750
0.576112 0.113985 0.113750
0.576112 0.113985 0.113750
0.576112 0.113985 0.113750
0.576112 0.113985 0.113750
0.576112 0.113985 0.113750
0.576705 0.110902 0.113442
0.576705 0.110902 0.113442
0.576705 0.110902 0.113442
0.576705 0.110902 0.113442
0.576705 0.110902 0.113442
0.576705 0.110902 0.113442
0.576705 0.110902 0.113442
0.577436 0.110249 0.113327
0.577436 0.110249 0.113327
0.577436 0.110249 0.113327
0.577436 0.110249 0.113327
0.577436 0.110249 0.113327
0.577436 0.110249 0.113327
0.577436 0.110249 0.113327
0.577436 0.110249 0.113327
0.577436 0.110249 0.113327
0.577436 0.110249 0.113327
0.577436 0.110249 0.113327
0.577436 0.110249 0.113327
0.577436 0.110249 0.113327
0.581984 0.106162 0.112643
0.581984 0.106162 0.112643
0.581984 0.106162 0.112643
0.581984 0.106162 0.112643
0.581984 0.106162 0.112643
0.581984 0.106162 0.112643
0.581984 0.106162 0.112643
0.581984 0.106162 0.112643
0.581984 0.106162 0.112643
0.581984 0.106162 0.112643
0.581745 0.105350 0.112599
0.581745 0.105350 0.112599
0.581745 0.105350 0.112599
0.581745 0.105350 0.112599
0.581745 0.105350 0.112599
0.581745 0.105350 0.112599
0.581745 0.105350 0.112599
0.581745 0.105350 0.112599
0.581745 0.105350 0.112599
0.581745 0.105350 0.112599
0.582617 0.102694 0.112316
0.582617 0.102694 0.112316
0.582617 0.102694 0.112316
0.582617 0.102694 0.112316
0.582617 0.102694 0.112316
0.582617 0.102694 0.112316
0.582617 0.102694 0.112316
0.582617 0.102694 0.112316
0.582617 0.102694 0.112316
0.582617 0.102694 0.112316
0.582617 0.102694 0.112316
0.582617 0.102694 0.112316
0.582617 0.102694 0.112316
0.582617 0.102694 0.112316
0.582617 0.102694 0.112316
0.582617 0.102694 0.112316
0.582617 0.102694 0.112316
0.582617 0.102694 0.112316
0.582617 0.102694 0.112316
0.582617 0.102694 0.112316
0.582617 0.102694 0.112316
0.582617 0.102694 0.112316
0.582617 0.102694 0.112316
0.582617 0.102694 0.112316
0.582617 0.102694 0.112316
0.582617 0.102694 0.112316
0.582617 0.102694 0.112316
0.582617 0.102694 0.112316
0.582617 0.102694 0.112316
0.582617 0.102694 0.112316
0.582617 0.102694 0.112316
0.582617 0.102694 0.112316
0.582617 0.102694 0.112316
0.582617 0.102694 0.112316
0.582617 0.102694 0.112316
0.582617 0.102694 0.112316
0.582617 0.102694 0.112316
0.582617 0.102694 0.112316
0.582617 0.102694 0.112316
0.582617 0.102694 0.112316
0.584137 0.109116 0.112662
0.584137 0.109116 0.112662
0.584137 0.109116 0.112662
0.584137 0.109116 0.112662
0.584137 0.109116 0.112662
0.584137 0.109116 0.112662
0.584137 0.109116 0.112662
0.584137 0.109116 0.112662
0.584137 0.109116 0.112662
0.584137 0.109116 0.112662
0.584137 0.109116 0.112662
0.584137 0.109116 0.112662
0.584137 0.109116 0.112662
0.584137 0.109116 0.112662
0.584137 0.109116 0.112662
0.584137 0.109116 0.112662
0.584137 0.109116 0.112662
0.584137 0.109116 0.112662
0.584137 0.109116 0.112662
0.584137 0.109116 0.112662
0.584137 0.109116 0.112662
0.584137 0.109116 0.112662
0.584137 0.109116 0.112662
0.584137 0.109116 0.112662
0.584137 0.109116 0.112662
0.584137 0.109116 0.112662
0.584137 0.109116 0.112662
0.586960 0.107803 0.112169
0.586960 0.107803 0.112169
0.586960 0.107803 0.112169
0.586960 0.107803 0.112169
0.586960 0.107803 0.112169
0.586960 0.107803 0.112169
0.586960 0.107803 0.112169
0.586960 0.107803 0.112169
0.586960 0.107803 0.112169
0.586960 0.107803 0.112169
0.586960 0.107803 0.112169
0.586960 0.107803 0.112169
0.586960 0.107803 0.112169
0.589832 0.110395 0.111935
0.589832 0.110395 0.111935
0.589832 0.110395 0.111935
0.589832 0.110395 0.111935
0.589832 0.110395 0.111935
0.589832 0.110395 0.111935
0.589832 0.110395 0.111935
0.590368 0.112405 0.112008
0.590368 0.112405 0.112008
0.590368 0.112405 0.112008
0.590368 0.112405 0.112008
0.590368 0.112405 0.112008
0.590368 0.112405 0.112008
0.590368 0.112405 0.112008
0.590368 0.112405 0.112008
0.590368 0.112405 0.112008
0.590368 0.112405 0.112008
0.594445 0.116714 0.111648
0.594445 0.116714 0.111648
0.594445 0.116714 0.111648
0.594445 0.116714 0.111648
0.594445 0.116714 0.111648
0.594445 0.116714 0.111648
0.594376 0.114765 0.111580
0.594376 0.114765 0.111580
0.594376 0.114765 0.111580
0.594376 0.114765 0.111580
0.594376 0.114765 0.111580
0.594376 0.114765 0.111580
0.594376 0.114765 0.111580
0.594376 0.114765 0.111580
0.594376 0.114765 0.111580
0.594376 0.114765 0.111580
0.597149 0.116659 0.111146
0.597149 0.116659 0.111146
0.597149 0.116659 0.111146
0.597149 0.116659 0.111146
0.597149 0.116659 0.111146
0.597149 0.116659 0.111146
0.597149 0.116659 0.111146
0.599977 0.123102 0.110873
0.599977 0.123102 0.110873
0.599977 0.123102 0.110873
0.599977 0.123102 0.110873
0.599977 0.123102 0.110873
0.599977 0.123102 0.110873
0.599977 0.123102 0.110873
0.599977 0.123102 0.110873
0.599977 0.123102 0.110873
0.599977 0.123102 0.110873
0.599977 0.123102 0.110873
0.599977 0.123102 0.110873
0.599977 0.123102 0.110873
0.599977 0.123102 0.110873
0.599977 0.123102 0.110873
0.599977 0.123102 0.110873
0.599977 0.123102 0.110873
0.599977 0.123102 0.110873
0.599977 0.123102 0.110873
0.599977 0.123102 0.110873
0.599977 0.123102 0.110873
0.599977 0.123102 0.110873
0.599977 0.123102 0.110873
0.599977 0.123102 0.110873
0.599977 0.123102 0.110873
0.599977 0.123102 0.110873
0.599977 0.123102 0.110873
0.599977 0.123102 0.110873
0.599977 0.123102 0.110873
0.599977 0.123102 0.110873
0.599977 0.123102 0.110873
0.599977 0.123102 0.110873
0.599977 0.123102 0.110873
0.599977 0.123102 0.110873
0.603690 0.129122 0.110177
0.603690 0.129122 0.110177
0.603690 0.129122 0.110177
0.603690 0.129122 0.110177
0.603690 0.129122 0.110177
0.603690 0.129122 0.110177
0.603690 0.129122 0.110177
0.603690 0.129122 0.110177
0.603690 0.129122 0.110177
0.603690 0.129122 0.110177
0.603690 0.129122 0.110177
0.603690 0.129122 0.110177
0.603690 0.129122 0.110177
0.603690 0.129122 0.110177
0.603690 0.129122 0.110177
0.603690 0.129122 0.110177
0.603690 0.129122 0.110177
0.603690 0.129122 0.110177
0.603690 0.129122 0.110177
0.603690 0.129122 0.110177
0.603690 0.129122 0.110177
0.603690 0.129122 0.110177
0.603690 0.129122 0.110177
0.603690 0.129122 0.110177
0.603690 0.129122 0.110177
0.603690 0.129122 0.110177
0.603690 0.129122 0.110177
0.603690 0.129122 0.110177
0.603690 0.129122 0.110177
0.603690 0.129122 0.110177
0.608924 0.132539 0.109071
0.608924 0.132539 0.109071
0.608924 0.132539 0.109071
0.608924 0.132539 0.109071
0.608924 0.132539 0.109071
0.608924 0.132539 0.109071
0.608924 0.132539 0.109071
0.608924 0.132539 0.109071
0.608924 0.132539 0.109071
0.608924 0.132539 0.109071
0.608924 0.132539 0.109071
0.608924 0.132539 0.109071
0.608924 0.132539 0.109071
0.608924 0.132539 0.109071
0.608924 0.132539 0.109071
0.608924 0.132539 0.109071
0.608924 0.132539 0.109071
0.608924 0.132539 0.109071
0.608924 0.132539 0.109071
0.608924 0.132539 0.109071
0.611074 0.133987 0.108604
0.611074 0.133987 0.108604
0.611074 0.133987 0.108604
0.611074 0.133987 0.108604
0.611074 0.133987 0.108604
0.611074 0.133987 0.108604
0.611074 0.133987 0.108604
0.611074 0.133987 0.108604
0.611074 0.133987 0.108604
0.609963 0.134848 0.108874
0.609963 0.134848 0.108874
0.609963 0.134848 0.108874
0.609963 0.134848 0.108874
0.615410 0.140113 0.107767
0.615410 0.140113 0.107767
0.615410 0.140113 0.107767
0.615410 0.140113 0.107767
0.615410 0.140113 0.107767
0.615410 0.140113 0.107767
0.615410 0.140113 0.107767
0.615410 0.140113 0.107767
0.615410 0.140113 0.107767
0.615410 0.140113 0.107767
0.614151 0.142357 0.108092
0.614151 0.142357 0.108092
0.614151 0.142357 0.108092
0.616677 0.143085 0.107536
0.616677 0.143085 0.107536
0.616677 0.143085 0.107536
0.616677 0.143085 0.107536
0.616677 0.143085 0.107536
0.616677 0.143085 0.107536
0.616677 0.143085 0.107536
0.618797 0.145670 0.107097
0.618797 0.145670 0.107097
0.618797 0.145670 0.107097
0.618797 0.145670 0.107097
0.618797 0.145670 0.107097
0.618797 0.145670 0.107097
0.618797 0.145670 0.107097
0.618797 0.145670 0.107097
0.618797 0.145670 0.107097
0.618797 0.145670 0.107097
0.624399 0.145594 0.105878
0.624399 0.145594 0.105878
0.624399 0.145594 0.105878
0.621192 0.146863 0.106595
0.621192 0.146863 0.106595
0.621192 0.146863 0.106595
0.621192 0.146863 0.106595
0.624902 0.147661 0.105812
0.624902 0.147661 0.105812
0.624902 0.147661 0.105812
0.624733 0.148332 0.105862
0.624733 0.148332 0.105862
0.624733 0.148332 0.105862
0.624733 0.148332 0.105862
0.624733 0.148332 0.105862
0.624733 0.148332 0.105862
0.624733 0.148332 0.105862
0.624733 0.148332 0.105862
0.624733 0.148332 0.105862
0.624733 0.148332 0.105862
0.624733 0.148332 0.105862
0.624733 0.148332 0.105862
0.624733 0.148332 0.105862
0.627339 0.150160 0.105321
0.627339 0.150160 0.105321
0.627339 0.150160 0.105321
0.627339 0.150160 0.105321
0.627339 0.150160 0.105321
0.627339 0.150160 0.105321
0.627339 0.150160 0.105321
0.627339 0.150160 0.105321
0.627339 0.150160 0.105321
0.627339 0.150160 0.105321
0.627339 0.150160 0.105321
0.627339 0.150160 0.105321
0.627339 0.150160 0.105321
0.627339 0.150160 0.105321
0.630238 0.154115 0.104716
0.630238 0.154115 0.104716
0.630238 0.154115 0.104716
0.630238 0.154115 0.104716
0.630238 0.154115 0.104716
0.630238 0.154115 0.104716
0.630238 0.154115 0.104716
0.630238 0.154115 0.104716
0.630238 0.154115 0.104716
0.630238 0.154115 0.104716
0.631168 0.157530 0.104560
0.631168 0.157530 0.104560
0.631168 0.157530 0.104560
0.631168 0.157530 0.104560
0.631168 0.157530 0.104560
0.631168 0.157530 0.104560
0.631168 0.157530 0.104560
0.631168 0.157530 0.104560
0.631168 0.157530 0.104560
0.631168 0.157530 0.104560
0.631168 0.157530 0.104560
0.631168 0.157530 0.104560
0.631168 0.157530 0.104560
0.631077 0.159745 0.104559
0.631077 0.159745 0.104559
0.631077 0.159745 0.104559
0.631077 0.159745 0.104559
0.631077 0.159745 0.104559
0.631077 0.159745 0.104559
0.631077 0.159745 0.104559
0.631077 0.159745 0.104559
0.631077 0.159745 0.104559
0.631077 0.159745 0.104559
0.631077 0.159745 0.104559
0.631077 0.159745 0.104559
0.631077 0.159745 0.104559
0.638652 0.157458 0.103086
0.638652 0.157458 0.103086
0.638652 0.157458 0.103086
0.638652 0.157458 0.103086
0.638652 0.157458 0.103086
0.638652 0.157458 0.103086
0.638652 0.157458 0.103086
0.636032 0.163914 0.103536
0.636032 0.163914 0.103536
0.636032 0.163914 0.103536
0.636032 0.163914 0.103536
0.636032 0.163914 0.103536
0.636032 0.163914 0.103536
0.636032 0.163914 0.103536
0.636032 0.163914 0.103536
0.636032 0.163914 0.103536
0.636032 0.163914 0.103536
0.636032 0.163914 0.103536
0.636032 0.163914 0.103536
0.636032 0.163914 0.103536
0.639905 0.164576 0.102771
0.639905 0.164576 0.102771
0.639905 0.164576 0.102771
0.639905 0.164576 0.102771
0.639905 0.164576 0.102771
0.639905 0.164576 0.102771
0.639905 0.164576 0.102771
0.639905 0.164576 0.102771
0.639905 0.164576 0.102771
0.639905 0.164576 0.102771
0.639905 0.164576 0.102771
0.639905 0.164576 0.102771
0.639905 0.164576 0.102771
0.639905 0.164576 0.102771
0.641194 0.163865 0.102528
0.641194 0.163865 0.102528
0.641194 0.163865 0.102528
0.641194 0.163865 0.102528
0.641194 0.163865 0.102528
0.641194 0.163865 0.102528
0.642531 0.169130 0.102188
0.642531 0.169130 0.102188
0.642531 0.169130 0.102188
0.642531 0.169130 0.102188
0.642531 0.169130 0.102188
0.642531 0.169130 0.102188
0.642531 0.169130 0.102188
0.642531 0.169130 0.102188
0.642531 0.169130 0.102188
0.642531 0.169130 0.102188
0.642531 0.169130 0.102188
0.642531 0.169130 0.102188
0.642531 0.169130 0.102188
0.642531 0.169130 0.102188
0.642531 0.169130 0.102188
0.642531 0.169130 0.102188
0.642531 0.169130 0.102188
0.647066 0.171698 0.101243
0.647066 0.171698 0.101243
0.647066 0.171698 0.101243
0.647066 0.171698 0.101243
0.647066 0.171698 0.101243
0.647066 0.171698 0.101243
0.647066 0.171698 0.101243
0.647066 0.171698 0.101243
0.647066 0.171698 0.101243
0.647066 0.171698 0.101243
0.646484 0.173812 0.101320
0.646484 0.173812 0.101320
0.646484 0.173812 0.101320
0.647824 0.175817 0.101025
0.647824 0.175817 0.101025
0.647824 0.175817 0.101025
0.647824 0.175817 0.101025
0.647824 0.175817 0.101025
0.647824 0.175817 0.101025
0.647824 0.175817 0.101025
0.649090 0.176656 0.100770
0.649090 0.176656 0.100770
0.649090 0.176656 0.100770
0.649090 0.176656 0.100770
0.649090 0.176656 0.100770
0.649090 0.176656 0.100770
0.649090 0.176656 0.100770
0.649090 0.176656 0.100770
0.649090 0.176656 0.100770
0.649090 0.176656 0.100770
0.649090 0.176656 0.100770
0.649090 0.176656 0.100770
0.649090 0.176656 0.100770
0.649090 0.176656 0.100770
0.649090 0.176656 0.100770
0.649090 0.176656 0.100770
0.656071 0.181994 0.099350
0.656071 0.181994 0.099350
0.656071 0.181994 0.099350
0.656071 0.181994 0.099350
0.656071 0.181994 0.099350
0.656071 0.181994 0.099350
0.656071 0.181994 0.099350
0.656071 0.181994 0.099350
0.656071 0.181994 0.099350
0.656071 0.181994 0.099350
0.656071 0.181994 0.099350
0.656071 0.181994 0.099350
0.656071 0.181994 0.099350
0.656071 0.181994 0.099350
0.656071 0.181994 0.099350
0.656071 0.181994 0.099350
0.656071 0.181994 0.099350
0.656071 0.181994 0.099350
0.656071 0.181994 0.099350
0.656071 0.181994 0.099350
0.656071 0.181994 0.099350
0.656071 0.181994 0.099350
0.656071 0.181994 0.099350
0.656071 0.181994 0.099350
0.659975 0.187251 0.098504
0.659975 0.187251 0.098504
0.659975 0.187251 0.098504
0.659975 0.187251 0.098504
0.659975 0.187251 0.098504
0.659975 0.187251 0.098504
0.659975 0.187251 0.098504
0.659975 0.187251 0.098504
0.659975 0.187251 0.098504
0.659975 0.187251 0.098504
0.663061 0.186445 0.097975
0.663061 0.186445 0.097975
0.663061 0.186445 0.097975
0.662679 0.188145 0.097976
0.662679 0.188145 0.097976
0.662679 0.188145 0.097976
0.663209 0.190441 0.097788
0.663209 0.190441 0.097788
0.663209 0.190441 0.097788
0.663209 0.190441 0.097788
0.663209 0.190441 0.097788
0.663209 0.190441 0.097788
0.663209 0.190441 0.097788
0.664236 0.188321 0.097686
0.664236 0.188321 0.097686
0.664236 0.188321 0.097686
0.664236 0.188321 0.097686
0.663239 0.194735 0.097643
0.663239 0.194735 0.097643
0.663239 0.194735 0.097643
0.665428 0.193408 0.097272
0.665428 0.193408 0.097272
0.665428 0.193408 0.097272
0.665428 0.193408 0.097272
0.665428 0.193408 0.097272
0.665428 0.193408 0.097272
0.665428 0.193408 0.097272
0.665428 0.193408 0.097272
0.665428 0.193408 0.097272
0.665428 0.193408 0.097272
0.665428 0.193408 0.097272
0.665428 0.193408 0.097272
0.665428 0.193408 0.097272
0.665428 0.193408 0.097272
0.665428 0.193408 0.097272
0.665428 0.193408 0.097272
0.665428 0.193408 0.097272
0.670289 0.196098 0.096251
0.670289 0.196098 0.096251
0.670289 0.196098 0.096251
0.670289 0.196098 0.096251
0.670289 0.196098 0.096251
0.670289 0.196098 0.096251
0.670289 0.196098 0.096251
0.670289 0.196098 0.096251
0.670289 0.196098 0.096251
0.670289 0.196098 0.096251
0.670825 0.197202 0.096091
0.670825 0.197202 0.096091
0.670825 0.197202 0.096091
0.670825 0.197202 0.096091
0.670825 0.197202 0.096091
0.670825 0.197202 0.096091
0.670825 0.197202 0.096091
0.670825 0.197202 0.096091
0.670825 0.197202 0.096091
0.670825 0.197202 0.096091
0.670825 0.197202 0.096091
0.670825 0.197202 0.096091
0.670825 0.197202 0.096091
0.670825 0.197202 0.096091
0.670825 0.197202 0.096091
0.670825 0.197202 0.096091
0.674797 0.200283 0.095232
0.674797 0.200283 0.095232
0.674797 0.200283 0.095232
0.674797 0.200283 0.095232
0.674797 0.200283 0.095232
0.674797 0.200283 0.095232
0.674797 0.200283 0.095232
0.674797 0.200283 0.095232
0.674797 0.200283 0.095232
0.674797 0.200283 0.095232
0.674797 0.200283 0.095232
0.674797 0.200283 0.095232
0.674797 0.200283 0.095232
0.674797 0.200283 0.095232
0.674797 0.200283 0.095232
0.674797 0.200283 0.095232
0.674797 0.200283 0.095232
0.674797 0.200283 0.095232
0.674797 0.200283 0.095232
0.674797 0.200283 0.095232
0.674797 0.200283 0.095232
0.674797 0.200283 0.095232
0.674797 0.200283 0.095232
0.674797 0.200283 0.095232
0.674797 0.200283 0.095232
0.674797 0.200283 0.095232
0.674797 0.200283 0.095232
0.674797 0.200283 0.095232
0.674797 0.200283 0.095232
0.674797 0.200283 0.095232
0.674797 0.200283 0.095232
0.674797 0.200283 0.095232
0.674797 0.200283 0.095232
0.674797 0.200283 0.095232
0.674797 0.200283 0.095232
0.674797 0.200283 0.095232
0.674797 0.200283 0.095232
0.674797 0.200283 0.095232
0.674797 0.200283 0.095232
0.674797 0.200283 0.095232
0.670825 0.197202 0.096091
0.670825 0.197202 0.096091
0.670825 0.197202 0.096091
0.670825 0.197202 0.096091
0.670825 0.197202 0.096091
0.670825 0.197202 0.096091
0.670825 0.197202 0.096091
0.674797 0.200283 0.095232
0.674797 0.200283 0.095232
0.674797 0.200283 0.095232
0.670825 0.197202 0.096091
0.670825 0.197202 0.096091
0.670825 0.197202 0.096091
0.670825 0.197202 0.096091
0.670825 0.197202 0.096091
0.670825 0.197202 0.096091
0.670825 0.197202 0.096091
0.670825 0.197202 0.096091
0.670825 0.197202 0.096091
0.670825 0.197202 0.096091
0.674797 0.200283 0.095232
0.674797 0.200283 0.095232
0.674797 0.200283 0.095232
0.674797 0.200283 0.095232
0.675606 0.196010 0.095376
0.675606 0.196010 0.095376
0.675606 0.196010 0.095376
0.675606 0.196010 0.095376
0.675606 0.196010 0.095376
0.675606 0.196010 0.095376
0.675606 0.196010 0.095376
0.675606 0.196010 0.095376
0.675606 0.196010 0.095376
0.675606 0.196010 0.095376
0.675606 0.196010 0.095376
0.675606 0.196010 0.095376
0.675606 0.196010 0.095376
0.677061 0.194968 0.095202
0.677061 0.194968 0.095202
0.677061 0.194968 0.095202
0.677061 0.194968 0.095202
0.677061 0.194968 0.095202
0.677061 0.194968 0.095202
0.680375 0.195466 0.094611
0.680375 0.195466 0.094611
0.680375 0.195466 0.094611
0.680375 0.195466 0.094611
0.680375 0.195466 0.094611
0.680375 0.195466 0.094611
0.680375 0.195466 0.094611
0.680375 0.195466 0.094611
0.680375 0.195466 0.094611
0.680375 0.195466 0.094611
0.680375 0.195466 0.094611
0.682649 0.191272 0.094526
0.682649 0.191272 0.094526
0.682649 0.191272 0.094526
0.682649 0.191272 0.094526
0.682649 0.191272 0.094526
0.682649 0.191272 0.094526
0.682649 0.191272 0.094526
0.682649 0.191272 0.094526
0.682649 0.191272 0.094526
0.682649 0.191272 0.094526
0.682649 0.191272 0.094526
0.682649 0.191272 0.094526
0.682649 0.191272 0.094526
0.682649 0.191272 0.094526
0.682649 0.191272 0.094526
0.682649 0.191272 0.094526
0.682649 0.191272 0.094526
0.682649 0.191272 0.094526
0.682649 0.191272 0.094526
0.686197 0.184367 0.094478
0.686197 0.184367 0.094478
0.686197 0.184367 0.094478
0.686197 0.184367 0.094478
0.686197 0.184367 0.094478
0.686197 0.184367 0.094478
0.686197 0.184367 0.094478
0.686197 0.184367 0.094478
0.686197 0.184367 0.094478
0.686197 0.184367 0.094478
0.686197 0.184367 0.094478
0.686197 0.184367 0.094478
0.686197 0.184367 0.094478
0.686197 0.184367 0.094478
0.686197 0.184367 0.094478
0.686197 0.184367 0.094478
0.686197 0.184367 0.094478
0.686197 0.184367 0.094478
0.686197 0.184367 0.094478
0.686197 0.184367 0.094478
0.686197 0.184367 0.094478
0.686197 0.184367 0.094478
0.686197 0.184367 0.094478
0.686197 0.184367 0.094478
0.693312 0.184338 0.093531
0.693312 0.184338 0.093531
0.693312 0.184338 0.093531
0.693312 0.184338 0.093531
0.693312 0.184338 0.093531
0.693312 0.184338 0.093531
0.693312 0.184338 0.093531
0.693312 0.184338 0.093531
0.693312 0.184338 0.093531
0.693312 0.184338 0.093531
0.690360 0.181876 0.094145
0.690360 0.181876 0.094145
0.690360 0.181876 0.094145
0.696102 0.181271 0.093394
0.696102 0.181271 0.093394
0.696102 0.181271 0.093394
0.696102 0.181271 0.093394
0.696102 0.181271 0.093394
0.696102 0.181271 0.093394
0.696102 0.181271 0.093394
0.696102 0.181271 0.093394
0.696102 0.181271 0.093394
0.696102 0.181271 0.093394
0.696102 0.181271 0.093394
0.696102 0.181271 0.093394
0.696102 0.181271 0.093394
0.697170 0.176873 0.093556
0.697170 0.176873 0.093556
0.697170 0.176873 0.093556
0.697170 0.176873 0.093556
0.697170 0.176873 0.093556
0.697170 0.176873 0.093556
0.697170 0.176873 0.093556
0.699176 0.178218 0.093174
0.699176 0.178218 0.093174
0.699176 0.178218 0.093174
0.699176 0.178218 0.093174
0.699176 0.178218 0.093174
0.699176 0.178218 0.093174
0.699176 0.178218 0.093174
0.699176 0.178218 0.093174
0.699176 0.178218 0.093174
0.699176 0.178218 0.093174
0.699176 0.178218 0.093174
0.699176 0.178218 0.093174
0.699176 0.178218 0.093174
0.699176 0.178218 0.093174
0.699176 0.178218 0.093174
0.699176 0.178218 0.093174
0.699176 0.178218 0.093174
0.699176 0.178218 0.093174
0.699176 0.178218 0.093174
0.699176 0.178218 0.093174
0.699176 0.178218 0.093174
0.699176 0.178218 0.093174
0.699176 0.178218 0.093174
0.699176 0.178218 0.093174
0.699176 0.178218 0.093174
0.699176 0.178218 0.093174
0.699176 0.178218 0.093174
0.699176 0.178218 0.093174
0.699176 0.178218 0.093174
0.699176 0.178218 0.093174
0.699176 0.178218 0.093174
0.699176 0.178218 0.093174
0.699176 0.178218 0.093174
0.699176 0.178218 0.093174
0.699176 0.178218 0.093174
0.699176 0.178218 0.093174
0.699176 0.178218 0.093174
0.699176 0.178218 0.093174
0.699176 0.178218 0.093174
0.699176 0.178218 0.093174
0.699176 0.178218 0.093174
0.699176 0.178218 0.093174
0.699176 0.178218 0.093174
0.699176 0.178218 0.093174
0.699176 0.178218 0.093174
0.699176 0.178218 0.093174
0.699176 0.178218 0.093174
0.699176 0.178218 0.093174
0.699176 0.178218 0.093174
0.699176 0.178218 0.093174
0.699176 0.178218 0.093174
0.699176 0.178218 0.093174
0.699176 0.178218 0.093174
0.699176 0.178218 0.093174
0.699176 0.178218 0.093174
0.699176 0.178218 0.093174
0.699176 0.178218 0.093174
0.699176 0.178218 0.093174
0.699176 0.178218 0.093174
0.699176 0.178218 0.093174
0.699176 0.178218 0.093174
0.699176 0.178218 0.093174
0.699176 0.178218 0.093174
0.699176 0.178218 0.093174
0.699176 0.178218 0.093174
0.699176 0.178218 0.093174
0.699176 0.178218 0.093174
0.699176 0.178218 0.093174
0.699176 0.178218 0.093174
0.699176 0.178218 0.093174
0.699176 0.178218 0.093174
0.699176 0.178218 0.093174
0.699176 0.178218 0.093174
0.699176 0.178218 0.093174
0.699176 0.178218 0.093174
0.699176 0.178218 0.093174
0.699176 0.178218 0.093174
0.699176 0.178218 0.093174
0.699176 0.178218 0.093174
0.699176 0.178218 0.093174
0.699176 0.178218 0.093174
0.699176 0.178218 0.093174
0.699176 0.178218 0.093174
0.699176 0.178218 0.093174
0.699176 0.178218 0.093174
0.699176 0.178218 0.093174
0.699176 0.178218 0.093174
0.699176 0.178218 0.093174
0.699176 0.178218 0.093174
0.699176 0.178218 0.093174
0.699176 0.178218 0.093174
0.699176 0.178218 0.093174
0.699176 0.178218 0.093174
0.699176 0.178218 0.093174
0.699176 0.178218 0.093174
0.699176 0.178218 0.093174
0.699176 0.178218 0.093174
0.699176 0.178218 0.093174
0.699176 0.178218 0.093174
0.699176 0.178218 0.093174
0.692953 0.174387 0.094275
0.692953 0.174387 0.094275
0.692953 0.174387 0.094275
0.692953 0.174387 0.094275
0.692953 0.174387 0.094275
0.692953 0.174387 0.094275
0.692953 0.174387 0.094275
0.692953 0.174387 0.094275
0.692953 0.174387 0.094275
0.692953 0.174387 0.094275
0.692953 0.174387 0.094275
0.692953 0.174387 0.094275
0.692953 0.174387 0.094275
0.692953 0.174387 0.094275
0.692953 0.174387 0.094275
0.692953 0.174387 0.094275
0.692953 0.174387 0.094275
0.693254 0.172597 0.094348
0.693254 0.172597 0.094348
0.693254 0.172597 0.094348
0.693254 0.172597 0.094348
0.693254 0.172597 0.094348
0.693254 0.172597 0.094348
0.693254 0.172597 0.094348
0.693254 0.172597 0.094348
0.693254 0.172597 0.094348
0.693254 0.172597 0.094348
0.693254 0.172597 0.094348
0.693254 0.172597 0.094348
0.693254 0.172597 0.094348
0.693254 0.172597 0.094348
0.693254 0.172597 0.094348
0.693254 0.172597 0.094348
0.693635 0.168931 0.094528
0.693635 0.168931 0.094528
0.693635 0.168931 0.094528
0.693635 0.168931 0.094528
0.693635 0.168931 0.094528
0.693635 0.168931 0.094528
0.693635 0.168931 0.094528
0.693635 0.168931 0.094528
0.693635 0.168931 0.094528
0.693635 0.168931 0.094528
0.693635 0.168931 0.094528
0.693635 0.168931 0.094528
0.693635 0.168931 0.094528
0.693635 0.168931 0.094528
0.690140 0.167706 0.095047
0.690140 0.167706 0.095047
0.690140 0.167706 0.095047
0.690140 0.167706 0.095047
0.690140 0.167706 0.095047
0.690140 0.167706 0.095047
0.690140 0.167706 0.095047
0.690140 0.167706 0.095047
0.690140 0.167706 0.095047
0.690140 0.167706 0.095047
0.686808 0.161808 0.095776
0.686808 0.161808 0.095776
0.686808 0.161808 0.095776
0.686808 0.161808 0.095776
0.686808 0.161808 0.095776
0.686808 0.161808 0.095776
0.686808 0.161808 0.095776
0.686808 0.161808 0.095776
0.686808 0.161808 0.095776
0.686808 0.161808 0.095776
0.686808 0.161808 0.095776
0.686808 0.161808 0.095776
0.686808 0.161808 0.095776
0.686808 0.161808 0.095776
0.686808 0.161808 0.095776
0.686808 0.161808 0.095776
0.686808 0.161808 0.095776
0.686808 0.161808 0.095776
0.686808 0.161808 0.095776
0.686808 0.161808 0.095776
0.686808 0.161808 0.095776
0.686808 0.161808 0.095776
0.686808 0.161808 0.095776
0.686808 0.161808 0.095776
0.686808 0.161808 0.095776
0.686808 0.161808 0.095776
0.686808 0.161808 0.095776
0.682671 0.158460 0.096476
0.682671 0.158460 0.096476
0.682671 0.158460 0.096476
0.682671 0.158460 0.096476
0.682671 0.158460 0.096476
0.682671 0.158460 0.096476
0.682671 0.158460 0.096476
0.682671 0.158460 0.096476
0.682671 0.158460 0.096476
0.681392 0.156677 0.096739
0.681392 0.156677 0.096739
0.681392 0.156677 0.096739
0.681392 0.156677 0.096739
0.681392 0.156677 0.096739
0.681392 0.156677 0.096739
0.681392 0.156677 0.096739
0.679865 0.156225 0.096967
0.679865 0.156225 0.096967
0.679865 0.156225 0.096967
0.679865 0.156225 0.096967
0.679865 0.156225 0.096967
0.679865 0.156225 0.096967
0.679865 0.156225 0.096967
0.677596 0.152565 0.097453
0.677596 0.152565 0.097453
0.677596 0.152565 0.097453
0.677596 0.152565 0.097453
0.677596 0.152565 0.097453
0.677596 0.152565 0.097453
0.677596 0.152565 0.097453
0.677596 0.152565 0.097453
0.677596 0.152565 0.097453
0.677596 0.152565 0.097453
0.677596 0.152565 0.097453
0.677596 0.152565 0.097453
0.677596 0.152565 0.097453
0.675261 0.148513 0.097936
0.675261 0.148513 0.097936
0.675261 0.148513 0.097936
0.675261 0.148513 0.097936
0.675261 0.148513 0.097936
0.675261 0.148513 0.097936
0.675261 0.148513 0.097936
0.675261 0.148513 0.097936
0.675261 0.148513 0.097936
0.675261 0.148513 0.097936
0.675261 0.148513 0.097936
0.675261 0.148513 0.097936
0.675261 0.148513 0.097936
0.675449 0.145261 0.098045
0.675449 0.145261 0.098045
0.675449 0.145261 0.098045
0.675449 0.145261 0.098045
0.675449 0.145261 0.098045
0.675449 0.145261 0.098045
0.675449 0.145261 0.098045
0.673014 0.147903 0.098247
0.673014 0.147903 0.098247
0.673014 0.147903 0.098247
0.673014 0.147903 0.098247
0.673014 0.147903 0.098247
0.673014 0.147903 0.098247
0.673014 0.147903 0.098247
0.673014 0.147903 0.098247
0.673014 0.147903 0.098247
0.673014 0.147903 0.098247
0.673014 0.147903 0.098247
0.673014 0.147903 0.098247
0.673014 0.147903 0.098247
0.669753 0.141907 0.098907
0.669753 0.141907 0.098907
0.669753 0.141907 0.098907
0.669753 0.141907 0.098907
0.669753 0.141907 0.098907
0.669753 0.141907 0.098907
0.669753 0.141907 0.098907
0.669753 0.141907 0.098907
0.669753 0.141907 0.098907
0.669753 0.141907 0.098907
0.669753 0.141907 0.098907
0.669753 0.141907 0.098907
0.669753 0.141907 0.098907
0.669753 0.141907 0.098907
0.669753 0.141907 0.098907
0.669753 0.141907 0.098907
0.669753 0.141907 0.098907
0.669753 0.141907 0.098907
0.669753 0.141907 0.098907
0.669753 0.141907 0.098907
0.668656 0.138498 0.099186
0.668656 0.138498 0.099186
0.668656 0.138498 0.099186
0.668656 0.138498 0.099186
0.665719 0.139114 0.099561
0.665719 0.139114 0.099561
0.665719 0.139114 0.099561
0.665719 0.139114 0.099561
0.665719 0.139114 0.099561
0.665719 0.139114 0.099561
0.665719 0.139114 0.099561
0.664505 0.138842 0.099734
0.664505 0.138842 0.099734
0.664505 0.138842 0.099734
0.664505 0.138842 0.099734
0.664505 0.138842 0.099734
0.664505 0.138842 0.099734
0.664505 0.138842 0.099734
0.664505 0.138842 0.099734
0.664505 0.138842 0.099734
0.664505 0.138842 0.099734
0.664505 0.138842 0.099734
0.664505 0.138842 0.099734
0.664505 0.138842 0.099734
0.660786 0.133098 0.100321
0.660786 0.133098 0.100321
0.660786 0.133098 0.100321
0.660786 0.133098 0.100321
0.660786 0.133098 0.100321
0.660786 0.133098 0.100321
0.658681 0.132507 0.100608
0.658681 0.132507 0.100608
0.658681 0.132507 0.100608
0.658681 0.132507 0.100608
0.658681 0.132507 0.100608
0.658681 0.132507 0.100608
0.658681 0.132507 0.100608
0.658681 0.132507 0.100608
0.658681 0.132507 0.100608
0.658681 0.132507 0.100608
0.658681 0.132507 0.100608
0.658681 0.132507 0.100608
0.658681 0.132507 0.100608
0.658681 0.132507 0.100608
0.656352 0.129593 0.100953
0.656352 0.129593 0.100953
0.656352 0.129593 0.100953
0.656352 0.129593 0.100953
0.656352 0.129593 0.100953
0.656352 0.129593 0.100953
0.656352 0.129593 0.100953
0.656352 0.129593 0.100953
0.656352 0.129593 0.100953
0.656352 0.129593 0.100953
0.655272 0.127639 0.101077
0.655272 0.127639 0.101077
0.655272 0.127639 0.101077
0.655272 0.127639 0.101077
0.655272 0.127639 0.101077
0.655272 0.127639 0.101077
0.655272 0.127639 0.101077
0.655272 0.127639 0.101077
0.655272 0.127639 0.101077
0.655272 0.127639 0.101077
0.652564 0.125428 0.101416
0.652564 0.125428 0.101416
0.652564 0.125428 0.101416
0.652564 0.125428 0.101416
0.652564 0.125428 0.101416
0.652564 0.125428 0.101416
0.652564 0.125428 0.101416
0.652564 0.125428 0.101416
0.652564 0.125428 0.101416
0.652564 0.125428 0.101416
0.652564 0.125428 0.101416
0.652564 0.125428 0.101416
0.652564 0.125428 0.101416
0.654447 0.123122 0.101139
0.654447 0.123122 0.101139
0.654447 0.123122 0.101139
0.654447 0.123122 0.101139
0.654447 0.123122 0.101139
0.654447 0.123122 0.101139
0.654447 0.123122 0.101139
0.654447 0.123122 0.101139
0.654447 0.123122 0.101139
0.654447 0.123122 0.101139
0.645697 0.118193 0.102179
0.645697 0.118193 0.102179
0.645697 0.118193 0.102179
0.645697 0.118193 0.102179
0.645697 0.118193 0.102179
0.645697 0.118193 0.102179
0.645697 0.118193 0.102179
0.645697 0.118193 0.102179
0.645697 0.118193 0.102179
0.645697 0.118193 0.102179
0.645697 0.118193 0.102179
0.645697 0.118193 0.102179
0.645697 0.118193 0.102179
0.645697 0.118193 0.102179
0.645697 0.118193 0.102179
0.645697 0.118193 0.102179
0.645697 0.118193 0.102179
0.645697 0.118193 0.102179
0.645697 0.118193 0.102179
0.645697 0.118193 0.102179
0.645697 0.118193 0.102179
0.645697 0.118193 0.102179
0.645697 0.118193 0.102179
0.645697 0.118193 0.102179
0.645697 0.118193 0.102179
0.645697 0.118193 0.102179
0.645697 0.118193 0.102179
0.650051 0.118906 0.101610
0.650051 0.118906 0.101610
0.650051 0.118906 0.101610
0.642684 0.114922 0.102557
0.642684 0.114922 0.102557
0.642684 0.114922 0.102557
0.642684 0.114922 0.102557
0.642684 0.114922 0.102557
0.642684 0.114922 0.102557
0.642684 0.114922 0.102557
0.642684 0.114922 0.102557
0.642684 0.114922 0.102557
0.642684 0.114922 0.102557
0.642684 0.114922 0.102557
0.642684 0.114922 0.102557
0.642684 0.114922 0.102557
0.642684 0.114922 0.102557
0.642684 0.114922 0.102557
0.642684 0.114922 0.102557
0.642684 0.114922 0.102557
0.642140 0.110829 0.102540
0.642140 0.110829 0.102540
0.642140 0.110829 0.102540
0.642140 0.110829 0.102540
0.642140 0.110829 0.102540
0.642140 0.110829 0.102540
0.637264 0.110326 0.103267
0.637264 0.110326 0.103267
0.637264 0.110326 0.103267
0.637264 0.110326 0.103267
0.637264 0.110326 0.103267
0.637264 0.110326 0.103267
0.637264 0.110326 0.103267
0.636422 0.108237 0.103349
0.636422 0.108237 0.103349
0.636422 0.108237 0.103349
0.636422 0.108237 0.103349
0.636422 0.108237 0.103349
0.636422 0.108237 0.103349
0.636422 0.108237 0.103349
0.637132 0.107229 0.103214
0.637132 0.107229 0.103214
0.637132 0.107229 0.103214
0.637132 0.107229 0.103214
0.637132 0.107229 0.103214
0.637132 0.107229 0.103214
0.637132 0.107229 0.103214
0.637132 0.107229 0.103214
0.637132 0.107229 0.103214
0.637132 0.107229 0.103214
0.632278 0.104414 0.103903
0.632278 0.104414 0.103903
0.632278 0.104414 0.103903
0.632278 0.104414 0.103903
0.632278 0.104414 0.103903
0.632278 0.104414 0.103903
0.632278 0.104414 0.103903
0.632278 0.104414 0.103903
0.632278 0.104414 0.103903
0.632278 0.104414 0.103903
0.633258 0.102071 0.103681
0.633258 0.102071 0.103681
0.633258 0.102071 0.103681
0.632424 0.100594 0.103736
0.632424 0.100594 0.103736
0.632424 0.100594 0.103736
0.632424 0.100594 0.103736
0.632424 0.100594 0.103736
0.632424 0.100594 0.103736
0.632424 0.100594 0.103736
0.626813 0.099023 0.104586
0.626813 0.099023 0.104586
0.626813 0.099023 0.104586
0.626813 0.099023 0.104586
0.626813 0.099023 0.104586
0.626813 0.099023 0.104586
0.628638 0.099916 0.104308
0.628638 0.099916 0.104308
0.628638 0.099916 0.104308
0.628638 0.099916 0.104308
0.626916 0.094623 0.104366
0.626916 0.094623 0.104366
0.626916 0.094623 0.104366
0.626916 0.094623 0.104366
0.626916 0.094623 0.104366
0.626916 0.094623 0.104366
0.626916 0.094623 0.104366
0.626916 0.094623 0.104366
0.626916 0.094623 0.104366
0.626916 0.094623 0.104366
0.626916 0.094623 0.104366
0.626916 0.094623 0.104366
0.626916 0.094623 0.104366
0.624455 0.092718 0.104708
0.624455 0.092718 0.104708
0.624455 0.092718 0.104708
0.624455 0.092718 0.104708
0.624455 0.092718 0.104708
0.624455 0.092718 0.104708
0.624455 0.092718 0.104708
0.624455 0.092718 0.104708
0.624455 0.092718 0.104708
0.624455 0.092718 0.104708
0.623333 0.088773 0.104731
0.623333 0.088773 0.104731
0.623333 0.088773 0.104731
0.623333 0.088773 0.104731
0.623333 0.088773 0.104731
0.623333 0.088773 0.104731
0.623333 0.088773 0.104731
0.623333 0.088773 0.104731
0.623333 0.088773 0.104731
0.623333 0.088773 0.104731
0.623333 0.088773 0.104731
0.623333 0.088773 0.104731
0.623333 0.088773 0.104731
0.617720 0.087889 0.105633
0.617720 0.087889 0.105633
0.617720 0.087889 0.105633
0.617720 0.087889 0.105633
0.617720 0.087889 0.105633
0.617720 0.087889 0.105633
0.617720 0.087889 0.105633
0.617720 0.087889 0.105633
0.617720 0.087889 0.105633
0.617720 0.087889 0.105633
0.617720 0.087889 0.105633
0.617720 0.087889 0.105633
0.617720 0.087889 0.105633
0.617720 0.087889 0.105633
0.615115 0.084800 0.105849
0.615115 0.084800 0.105849
0.615115 0.084800 0.105849
0.615115 0.084800 0.105849
0.615115 0.084800 0.105849
0.615115 0.084800 0.105849
0.615115 0.084800 0.105849
0.615115 0.084800 0.105849
0.615115 0.084800 0.105849
0.615115 0.084800 0.105849
0.615115 0.084800 0.105849
0.615115 0.084800 0.105849
0.615115 0.084800 0.105849
0.615115 0.084800 0.105849
0.615115 0.084800 0.105849
0.615115 0.084800 0.105849
0.615115 0.084800 0.105849
0.615115 0.084800 0.105849
0.615115 0.084800 0.105849
0.615115 0.084800 0.105849
0.614257 0.083208 0.105885
0.614257 0.083208 0.105885
0.614257 0.083208 0.105885
0.614257 0.083208 0.105885
0.614257 0.083208 0.105885
0.614257 0.083208 0.105885
0.614257 0.083208 0.105885
0.614257 0.083208 0.105885
0.614257 0.083208 0.105885
0.614257 0.083208 0.105885
0.614257 0.083208 0.105885
0.614257 0.083208 0.105885
0.614257 0.083208 0.105885
0.614257 0.083208 0.105885
0.614257 0.083208 0.105885
0.614257 0.083208 0.105885
0.615919 0.080458 0.105457
0.615919 0.080458 0.105457
0.615919 0.080458 0.105457
0.615919 0.080458 0.105457
0.615919 0.080458 0.105457
0.615919 0.080458 0.105457
0.615919 0.080458 0.105457
0.615919 0.080458 0.105457
0.615919 0.080458 0.105457
0.615919 0.080458 0.105457
0.615919 0.080458 0.105457
0.615919 0.080458 0.105457
0.615919 0.080458 0.105457
0.615919 0.080458 0.105457
0.615919 0.080458 0.105457
0.615919 0.080458 0.105457
0.615919 0.080458 0.105457
0.615919 0.080458 0.105457
0.615919 0.080458 0.105457
0.615919 0.080458 0.105457
0.615919 0.080458 0.105457
0.615919 0.080458 0.105457
0.615919 0.080458 0.105457
0.615919 0.080458 0.105457
0.615919 0.080458 0.105457
0.615919 0.080458 0.105457
0.615919 0.080458 0.105457
0.615919 0.080458 0.105457
0.615919 0.080458 0.105457
0.615919 0.080458 0.105457
0.615919 0.080458 0.105457
0.615919 0.080458 0.105457
0.615919 0.080458 0.105457
0.615919 0.080458 0.105457
0.615919 0.080458 0.105457
0.615919 0.080458 0.105457
0.615919 0.080458 0.105457
0.615919 0.080458 0.105457
0.615919 0.080458 0.105457
0.615919 0.080458 0.105457
0.615919 0.080458 0.105457
0.615919 0.080458 0.105457
0.615919 0.080458 0.105457
0.615919 0.080458 0.105457
0.615919 0.080458 0.105457
0.615919 0.080458 0.105457
0.615919 0.080458 0.105457
0.615919 0.080458 0.105457
0.615919 0.080458 0.105457
0.615919 0.080458 0.105457
0.615919 0.080458 0.105457
0.615919 0.080458 0.105457
0.615919 0.080458 0.105457
0.615919 0.080458 0.105457
0.613350 0.077044 0.105666
0.613350 0.077044 0.105666
0.613350 0.077044 0.105666
0.613350 0.077044 0.105666
0.613350 0.077044 0.105666
0.613350 0.077044 0.105666
0.613350 0.077044 0.105666
0.613350 0.077044 0.105666
0.613350 0.077044 0.105666
0.613350 0.077044 0.105666
0.613350 0.077044 0.105666
0.613350 0.077044 0.105666
0.613350 0.077044 0.105666
0.618520 0.076789 0.104825
0.618520 0.076789 0.104825
0.618520 0.076789 0.104825
0.618520 0.076789 0.104825
0.618520 0.076789 0.104825
0.618520 0.076789 0.104825
0.618520 0.076789 0.104825
0.621242 0.076251 0.104372
0.621242 0.076251 0.104372
0.621242 0.076251 0.104372
0.621242 0.076251 0.104372
0.621242 0.076251 0.104372
0.621242 0.076251 0.104372
0.621289 0.071728 0.104120
0.621289 0.071728 0.104120
0.621289 0.071728 0.104120
0.621289 0.071728 0.104120
0.621289 0.071728 0.104120
0.621289 0.071728 0.104120
0.621289 0.071728 0.104120
0.621289 0.071728 0.104120
0.621289 0.071728 0.104120
0.621289 0.071728 0.104120
0.621289 0.071728 0.104120
0.621289 0.071728 0.104120
0.621289 0.071728 0.104120
0.621289 0.071728 0.104120
0.621289 0.071728 0.104120
0.621289 0.071728 0.104120
0.621289 0.071728 0.104120
0.621166 0.069572 0.104003
0.621166 0.069572 0.104003
0.621166 0.069572 0.104003
0.621166 0.069572 0.104003
0.621166 0.069572 0.104003
0.621166 0.069572 0.104003
0.621166 0.069572 0.104003
0.627018 0.074075 0.103376
0.627018 0.074075 0.103376
0.627018 0.074075 0.103376
0.624807 0.065576 0.103230
0.624807 0.065576 0.103230
0.624807 0.065576 0.103230
0.624807 0.065576 0.103230
0.625958 0.066580 0.103128
0.625958 0.066580 0.103128
0.625958 0.066580 0.103128
0.630406 0.065124 0.102416
0.630406 0.065124 0.102416
0.630406 0.065124 0.102416
0.630406 0.065124 0.102416
0.630406 0.065124 0.102416
0.630406 0.065124 0.102416
0.630406 0.065124 0.102416
0.630406 0.065124 0.102416
0.630406 0.065124 0.102416
0.630406 0.065124 0.102416
0.631322 0.064850 0.102302
0.631322 0.064850 0.102302
0.631322 0.064850 0.102302
0.631322 0.064850 0.102302
0.631322 0.064850 0.102302
0.631322 0.064850 0.102302
0.631322 0.064850 0.102302
0.631322 0.064850 0.102302
0.631322 0.064850 0.102302
0.631322 0.064850 0.102302
0.631322 0.064850 0.102302
0.631322 0.064850 0.102302
0.631322 0.064850 0.102302
0.636881 0.065134 0.101672
0.636881 0.065134 0.101672
0.636881 0.065134 0.101672
0.636881 0.065134 0.101672
0.636881 0.065134 0.101672
0.636881 0.065134 0.101672
0.636881 0.065134 0.101672
0.640092 0.057610 0.101033
0.640092 0.057610 0.101033
0.640092 0.057610 0.101033
0.640092 0.057610 0.101033
0.640092 0.057610 0.101033
0.640092 0.057610 0.101033
0.640092 0.057610 0.101033
0.640092 0.057610 0.101033
0.640092 0.057610 0.101033
0.640092 0.057610 0.101033
0.640092 0.057610 0.101033
0.640092 0.057610 0.101033
0.640092 0.057610 0.101033
0.640092 0.057610 0.101033
0.640092 0.057610 0.101033
0.640092 0.057610 0.101033
0.640092 0.057610 0.101033
0.640092 0.057610 0.101033
0.640092 0.057610 0.101033
0.640092 0.057610 0.101033
0.643889 0.053169 0.100419
0.643889 0.053169 0.100419
0.643889 0.053169 0.100419
0.643889 0.053169 0.100419
0.643889 0.053169 0.100419
0.643889 0.053169 0.100419
0.643889 0.053169 0.100419
0.643889 0.053169 0.100419
0.643889 0.053169 0.100419
0.643889 0.053169 0.100419
0.643889 0.053169 0.100419
0.643889 0.053169 0.100419
0.643889 0.053169 0.100419
0.646027 0.051418 0.100122
0.646027 0.051418 0.100122
0.646027 0.051418 0.100122
0.646027 0.051418 0.100122
0.646027 0.051418 0.100122
0.646027 0.051418 0.100122
0.646027 0.051418 0.100122
0.646027 0.051418 0.100122
0.646027 0.051418 0.100122
0.646027 0.051418 0.100122
0.647942 0.051809 0.099942
0.647942 0.051809 0.099942
0.647942 0.051809 0.099942
0.647942 0.051809 0.099942
0.647942 0.051809 0.099942
0.647942 0.051809 0.099942
0.647942 0.051809 0.099942
0.647942 0.051809 0.099942
0.647942 0.051809 0.099942
0.647942 0.051809 0.099942
0.647942 0.051809 0.099942
0.647942 0.051809 0.099942
0.647942 0.051809 0.099942
0.647942 0.051809 0.099942
0.647942 0.051809 0.099942
0.647942 0.051809 0.099942
0.647942 0.051809 0.099942
0.647942 0.051809 0.099942
0.647942 0.051809 0.099942
0.647942 0.051809 0.099942
0.647942 0.051809 0.099942
0.647942 0.051809 0.099942
0.647942 0.051809 0.099942
0.647211 0.049860 0.099932
0.647211 0.049860 0.099932
0.647211 0.049860 0.099932
0.647211 0.049860 0.099932
0.647211 0.049860 0.099932
0.647211 0.049860 0.099932
0.647211 0.049860 0.099932
0.647211 0.049860 0.099932
0.647211 0.049860 0.099932
0.647211 0.049860 0.099932
0.647942 0.051809 0.099942
0.647942 0.051809 0.099942
0.647942 0.051809 0.099942
0.647942 0.051809 0.099942
0.647942 0.051809 0.099942
0.647942 0.051809 0.099942
0.647942 0.051809 0.099942
0.647942 0.051809 0.099942
0.647942 0.051809 0.099942
0.647942 0.051809 0.099942
0.647942 0.051809 0.099942
0.647942 0.051809 0.099942
0.647942 0.051809 0.099942
0.647942 0.051809 0.099942
0.647942 0.051809 0.099942
0.647942 0.051809 0.099942
0.647942 0.051809 0.099942
0.647942 0.051809 0.099942
0.647942 0.051809 0.099942
0.647942 0.051809 0.099942
0.647942 0.051809 0.099942
0.647942 0.051809 0.099942
0.647942 0.051809 0.099942
0.647942 0.051809 0.099942
0.651707 0.050909 0.099513
0.651707 0.050909 0.099513
0.651707 0.050909 0.099513
0.651707 0.050909 0.099513
0.651707 0.050909 0.099513
0.651707 0.050909 0.099513
0.651707 0.050909 0.099513
0.651707 0.050909 0.099513
0.651707 0.050909 0.099513
0.651707 0.050909 0.099513
0.651707 0.050909 0.099513
0.651707 0.050909 0.099513
0.651707 0.050909 0.099513
0.651707 0.050909 0.099513
0.651707 0.050909 0.099513
0.651707 0.050909 0.099513
0.651707 0.050909 0.099513
0.651707 0.050909 0.099513
0.651707 0.050909 0.099513
0.651707 0.050909 0.099513
0.651707 0.050909 0.099513
0.651707 0.050909 0.099513
0.651707 0.050909 0.099513
0.651707 0.050909 0.099513
0.651707 0.050909 0.099513
0.651707 0.050909 0.099513
0.651707 0.050909 0.099513
0.651707 0.050909 0.099513
0.651707 0.050909 0.099513
0.651707 0.050909 0.099513
0.653176 0.050968 0.099346
0.653176 0.050968 0.099346
0.653176 0.050968 0.099346
0.652123 0.055671 0.099616
0.652123 0.055671 0.099616
0.652123 0.055671 0.099616
0.652123 0.055671 0.099616
0.652123 0.055671 0.099616
0.652123 0.055671 0.099616
0.652123 0.055671 0.099616
0.652123 0.055671 0.099616
0.652123 0.055671 0.099616
0.652123 0.055671 0.099616
0.655887 0.055317 0.099184
0.655887 0.055317 0.099184
0.655887 0.055317 0.099184
0.655887 0.055317 0.099184
0.655887 0.055317 0.099184
0.655887 0.055317 0.099184
0.655887 0.055317 0.099184
0.656945 0.057885 0.099166
0.656945 0.057885 0.099166
0.656945 0.057885 0.099166
0.656945 0.057885 0.099166
0.656945 0.057885 0.099166
0.656945 0.057885 0.099166
0.656945 0.057885 0.099166
0.656945 0.057885 0.099166
0.656945 0.057885 0.099166
0.656945 0.057885 0.099166
0.656945 0.057885 0.099166
0.656945 0.057885 0.099166
0.656945 0.057885 0.099166
0.656945 0.057885 0.099166
0.656945 0.057885 0.099166
0.656945 0.057885 0.099166
0.656945 0.057885 0.099166
0.658901 0.061339 0.099060
0.658901 0.061339 0.099060
0.658901 0.061339 0.099060
0.658901 0.061339 0.099060
0.658901 0.061339 0.099060
0.658901 0.061339 0.099060
0.658901 0.061339 0.099060
0.658901 0.061339 0.099060
0.658901 0.061339 0.099060
0.658901 0.061339 0.099060
0.658901 0.061339 0.099060
0.658901 0.061339 0.099060
0.658901 0.061339 0.099060
0.658901 0.061339 0.099060
0.658901 0.061339 0.099060
0.658901 0.061339 0.099060
0.658901 0.061339 0.099060
0.658901 0.061339 0.099060
0.658901 0.061339 0.099060
0.658901 0.061339 0.099060
0.658901 0.061339 0.099060
0.658901 0.061339 0.099060
0.658901 0.061339 0.099060
0.658901 0.061339 0.099060
0.658901 0.061339 0.099060
0.658901 0.061339 0.099060
0.658901 0.061339 0.099060
0.658901 0.061339 0.099060
0.658901 0.061339 0.099060
0.658901 0.061339 0.099060
0.658901 0.061339 0.099060
0.658901 0.061339 0.099060
0.658901 0.061339 0.099060
0.658901 0.061339 0.099060
0.658901 0.061339 0.099060
0.658901 0.061339 0.099060
0.658901 0.061339 0.099060
0.658901 0.061339 0.099060
0.658901 0.061339 0.099060
0.658901 0.061339 0.099060
0.658901 0.061339 0.099060
0.658901 0.061339 0.099060
0.658901 0.061339 0.099060
0.664054 0.065403 0.098651
0.664054 0.065403 0.098651
0.664054 0.065403 0.098651
0.664054 0.065403 0.098651
0.664054 0.065403 0.098651
0.664054 0.065403 0.098651
0.664054 0.065403 0.098651
0.664054 0.065403 0.098651
0.664054 0.065403 0.098651
0.664054 0.065403 0.098651
0.664054 0.065403 0.098651
0.664054 0.065403 0.098651
0.664054 0.065403 0.098651
0.664054 0.065403 0.098651
0.664054 0.065403 0.098651
0.664054 0.065403 0.098651
0.664054 0.065403 0.098651
0.664054 0.065403 0.098651
0.664054 0.065403 0.098651
0.664054 0.065403 0.098651
0.664054 0.065403 0.098651
0.664054 0.065403 0.098651
0.664054 0.065403 0.098651
0.664054 0.065403 0.098651
0.664054 0.065403 0.098651
0.664054 0.065403 0.098651
0.664054 0.065403 0.098651
0.668200 0.067899 0.098342
0.668200 0.067899 0.098342
0.668200 0.067899 0.098342
0.668200 0.067899 0.098342
0.668200 0.067899 0.098342
0.668200 0.067899 0.098342
0.668200 0.067899 0.098342
0.668200 0.067899 0.098342
0.668200 0.067899 0.098342
0.668200 0.067899 0.098342
0.668200 0.067899 0.098342
0.668200 0.067899 0.098342
0.668200 0.067899 0.098342
0.668200 0.067899 0.098342
0.668200 0.067899 0.098342
0.668200 0.067899 0.098342
0.672082 0.067923 0.097989
0.672082 0.067923 0.097989
0.672082 0.067923 0.097989
0.672082 0.067923 0.097989
0.672082 0.067923 0.097989
0.672082 0.067923 0.097989
0.672082 0.067923 0.097989
0.673856 0.072459 0.097946
0.673856 0.072459 0.097946
0.673856 0.072459 0.097946
0.673856 0.072459 0.097946
0.673856 0.072459 0.097946
0.673856 0.072459 0.097946
0.673856 0.072459 0.097946
0.673856 0.072459 0.097946
0.673856 0.072459 0.097946
0.673856 0.072459 0.097946
0.673856 0.072459 0.097946
0.673856 0.072459 0.097946
0.673856 0.072459 0.097946
0.673856 0.072459 0.097946
0.673856 0.072459 0.097946
0.673856 0.072459 0.097946
0.673856 0.072459 0.097946
0.673856 0.072459 0.097946
0.673856 0.072459 0.097946
0.673856 0.072459 0.097946
0.676705 0.070397 0.097734
0.676705 0.070397 0.097734
0.676705 0.070397 0.097734
0.676705 0.070397 0.097734
0.676705 0.070397 0.097734
0.676705 0.070397 0.097734
0.678562 0.074790 0.097691
0.678562 0.074790 0.097691
0.678562 0.074790 0.097691
0.678562 0.074790 0.097691
0.678562 0.074790 0.097691
0.678562 0.074790 0.097691
0.678562 0.074790 0.097691
0.678562 0.074790 0.097691
0.678562 0.074790 0.097691
0.678562 0.074790 0.097691
0.678562 0.074790 0.097691
0.678562 0.074790 0.097691
0.678562 0.074790 0.097691
0.678562 0.074790 0.097691
0.678562 0.074790 0.097691
0.678562 0.074790 0.097691
0.678562 0.074790 0.097691
0.678562 0.074790 0.097691
0.678562 0.074790 0.097691
0.678562 0.074790 0.097691
0.678562 0.074790 0.097691
0.681217 0.077561 0.097576
0.681217 0.077561 0.097576
0.681217 0.077561 0.097576
0.681217 0.077561 0.097576
0.681217 0.077561 0.097576
0.681217 0.077561 0.097576
0.681217 0.077561 0.097576
0.681217 0.077561 0.097576
0.681217 0.077561 0.097576
0.681217 0.077561 0.097576
0.681217 0.077561 0.097576
0.681217 0.077561 0.097576
0.681217 0.077561 0.097576
0.681217 0.077561 0.097576
0.681217 0.077561 0.097576
0.681217 0.077561 0.097576
0.687981 0.076439 0.097165
0.687981 0.076439 0.097165
0.687981 0.076439 0.097165
0.687981 0.076439 0.097165
0.683773 0.087170 0.097555
0.683773 0.087170 0.097555
0.683773 0.087170 0.097555
0.683773 0.087170 0.097555
0.683773 0.087170 0.097555
0.683773 0.087170 0.097555
0.683773 0.087170 0.097555
0.683773 0.087170 0.097555
0.683773 0.087170 0.097555
0.683773 0.087170 0.097555
0.693129 0.082722 0.096930
0.693129 0.082722 0.096930
0.693129 0.082722 0.096930
0.692094 0.086191 0.097036
0.692094 0.086191 0.097036
0.692094 0.086191 0.097036
0.692094 0.086191 0.097036
0.692094 0.086191 0.097036
0.692094 0.086191 0.097036
0.692094 0.086191 0.097036
0.692094 0.086191 0.097036
0.692094 0.086191 0.097036
0.692094 0.086191 0.097036
0.692094 0.086191 0.097036
0.692094 0.086191 0.097036
0.692094 0.086191 0.097036
0.692094 0.086191 0.097036
0.692094 0.086191 0.097036
0.692094 0.086191 0.097036
0.692094 0.086191 0.097036
0.692094 0.086191 0.097036
0.692094 0.086191 0.097036
0.692094 0.086191 0.097036
0.695093 0.088976 0.096885
0.695093 0.088976 0.096885
0.695093 0.088976 0.096885
0.695093 0.088976 0.096885
0.695093 0.088976 0.096885
0.695093 0.088976 0.096885
0.695093 0.088976 0.096885
0.695093 0.088976 0.096885
0.695093 0.088976 0.096885
0.695093 0.088976 0.096885
0.698862 0.092687 0.096678
0.698862 0.092687 0.096678
0.698862 0.092687 0.096678
0.698862 0.092687 0.096678
0.698862 0.092687 0.096678
0.698862 0.092687 0.096678
0.698862 0.092687 0.096678
0.698862 0.092687 0.096678
0.698862 0.092687 0.096678
0.698862 0.092687 0.096678
0.701295 0.095697 0.096510
0.701295 0.095697 0.096510
0.701295 0.095697 0.096510
0.701295 0.095697 0.096510
0.701295 0.095697 0.096510
0.701295 0.095697 0.096510
0.701295 0.095697 0.096510
0.701295 0.095697 0.096510
0.701295 0.095697 0.096510
0.701295 0.095697 0.096510
0.701295 0.095697 0.096510
0.701295 0.095697 0.096510
0.701295 0.095697 0.096510
0.701295 0.095697 0.096510
0.701295 0.095697 0.096510
0.701295 0.095697 0.096510
0.701295 0.095697 0.096510
0.704344 0.097001 0.096285
0.704344 0.097001 0.096285
0.704344 0.097001 0.096285
0.704344 0.097001 0.096285
0.704344 0.097001 0.096285
0.704344 0.097001 0.096285
0.702184 0.098940 0.096452
0.702184 0.098940 0.096452
0.702184 0.098940 0.096452
0.702184 0.098940 0.096452
0.702184 0.098940 0.096452
0.702184 0.098940 0.096452
0.702184 0.098940 0.096452
0.707895 0.103327 0.095993
0.707895 0.103327 0.095993
0.707895 0.103327 0.095993
0.707895 0.103327 0.095993
0.707895 0.103327 0.095993
0.707895 0.103327 0.095993
0.707895 0.103327 0.095993
0.707895 0.103327 0.095993
0.707895 0.103327 0.095993
0.707895 0.103327 0.095993
0.707895 0.103327 0.095993
0.707895 0.103327 0.095993
0.707895 0.103327 0.095993
0.709021 0.103858 0.095899
0.709021 0.103858 0.095899
0.709021 0.103858 0.095899
0.709021 0.103858 0.095899
0.710722 0.103558 0.095777
0.710722 0.103558 0.095777
0.710722 0.103558 0.095777
0.710722 0.103558 0.095777
0.710722 0.103558 0.095777
0.710722 0.103558 0.095777
0.710722 0.103558 0.095777
0.710722 0.103558 0.095777
0.710722 0.103558 0.095777
0.710722 0.103558 0.095777
0.712866 0.104767 0.095595
0.712866 0.104767 0.095595
0.712866 0.104767 0.095595
0.712866 0.104767 0.095595
0.712866 0.104767 0.095595
0.712866 0.104767 0.095595
0.715799 0.108292 0.095290
0.715799 0.108292 0.095290
0.715799 0.108292 0.095290
0.715799 0.108292 0.095290
0.715799 0.108292 0.095290
0.715799 0.108292 0.095290
0.715799 0.108292 0.095290
0.717383 0.110387 0.095112
0.717383 0.110387 0.095112
0.717383 0.110387 0.095112
0.717383 0.110387 0.095112
0.717383 0.110387 0.095112
0.717383 0.110387 0.095112
0.717383 0.110387 0.095112
0.717383 0.110387 0.095112
0.717383 0.110387 0.095112
0.717383 0.110387 0.095112
0.720667 0.112358 0.094793
0.720667 0.112358 0.094793
0.720667 0.112358 0.094793
0.720667 0.112358 0.094793
0.720667 0.112358 0.094793
0.720667 0.112358 0.094793
0.720667 0.112358 0.094793
0.720667 0.112358 0.094793
0.720667 0.112358 0.094793
0.720667 0.112358 0.094793
0.720667 0.112358 0.094793
0.720667 0.112358 0.094793
0.720667 0.112358 0.094793
0.720667 0.112358 0.094793
0.720667 0.112358 0.094793
0.720667 0.112358 0.094793
0.720667 0.112358 0.094793
0.720576 0.114543 0.094715
0.720576 0.114543 0.094715
0.720576 0.114543 0.094715
0.720576 0.114543 0.094715
0.720576 0.114543 0.094715
0.720576 0.114543 0.094715
0.720576 0.114543 0.094715
0.720576 0.114543 0.094715
0.720576 0.114543 0.094715
0.720576 0.114543 0.094715
0.720576 0.114543 0.094715
0.720576 0.114543 0.094715
0.720576 0.114543 0.094715
0.725198 0.117180 0.094208
0.725198 0.117180 0.094208
0.725198 0.117180 0.094208
0.725198 0.117180 0.094208
0.725198 0.117180 0.094208
0.725198 0.117180 0.094208
0.725198 0.117180 0.094208
0.725198 0.117180 0.094208
0.725198 0.117180 0.094208
0.725198 0.117180 0.094208
0.725198 0.117180 0.094208
0.725198 0.117180 0.094208
0.725198 0.117180 0.094208
0.725198 0.117180 0.094208
0.725198 0.117180 0.094208
0.725198 0.117180 0.094208
0.725198 0.117180 0.094208
0.725198 0.117180 0.094208
0.725198 0.117180 0.094208
0.725198 0.117180 0.094208
0.728516 0.118709 0.093814
0.728516 0.118709 0.093814
0.728516 0.118709 0.093814
0.728516 0.118709 0.093814
0.728516 0.118709 0.093814
0.728516 0.118709 0.093814
0.728516 0.118709 0.093814
0.728516 0.118709 0.093814
0.728516 0.118709 0.093814
0.728516 0.118709 0.093814
0.728516 0.118709 0.093814
0.728516 0.118709 0.093814
0.728516 0.118709 0.093814
0.729140 0.120508 0.093666
0.729140 0.120508 0.093666
0.729140 0.120508 0.093666
0.729140 0.120508 0.093666
0.729140 0.120508 0.093666
0.729140 0.120508 0.093666
0.729140 0.120508 0.093666
0.729140 0.120508 0.093666
0.729140 0.120508 0.093666
0.729140 0.120508 0.093666
0.729140 0.120508 0.093666
0.729140 0.120508 0.093666
0.729140 0.120508 0.093666
0.729140 0.120508 0.093666
0.729140 0.120508 0.093666
0.729140 0.120508 0.093666
0.729140 0.120508 0.093666
0.733911 0.122328 0.093066
0.733911 0.122328 0.093066
0.733911 0.122328 0.093066
0.733911 0.122328 0.093066
0.733911 0.122328 0.093066
0.733911 0.122328 0.093066
0.733911 0.122328 0.093066
0.733911 0.122328 0.093066
0.733911 0.122328 0.093066
0.733911 0.122328 0.093066
0.735525 0.130331 0.092391
0.735525 0.130331 0.092391
0.735525 0.130331 0.092391
0.735525 0.130331 0.092391
0.735525 0.130331 0.092391
0.735525 0.130331 0.092391
0.735525 0.130331 0.092391
0.735525 0.130331 0.092391
0.735525 0.130331 0.092391
0.735525 0.130331 0.092391
0.735525 0.130331 0.092391
0.735525 0.130331 0.092391
0.735525 0.130331 0.092391
0.735525 0.130331 0.092391
0.735525 0.130331 0.092391
0.735525 0.130331 0.092391
0.735525 0.130331 0.092391
0.735525 0.130331 0.092391
0.735525 0.130331 0.092391
0.735525 0.130331 0.092391
0.737190 0.129060 0.092281
0.737190 0.129060 0.092281
0.737190 0.129060 0.092281
0.737190 0.129060 0.092281
0.737190 0.129060 0.092281
0.737190 0.129060 0.092281
0.737190 0.129060 0.092281
0.737190 0.129060 0.092281
0.737190 0.129060 0.092281
0.737190 0.129060 0.092281
0.737190 0.129060 0.092281
0.737190 0.129060 0.092281
0.737190 0.129060 0.092281
0.737190 0.129060 0.092281
0.737190 0.129060 0.092281
0.737190 0.129060 0.092281
0.745431 0.129722 0.091367
0.745431 0.129722 0.091367
0.745431 0.129722 0.091367
0.745431 0.129722 0.091367
0.745431 0.129722 0.091367
0.745431 0.129722 0.091367
0.745431 0.129722 0.091367
0.745431 0.129722 0.091367
0.745431 0.129722 0.091367
0.745431 0.129722 0.091367
0.742140 0.138553 0.091030
0.742140 0.138553 0.091030
0.742140 0.138553 0.091030
0.742140 0.138553 0.091030
0.742140 0.138553 0.091030
0.742140 0.138553 0.091030
0.742140 0.138553 0.091030
0.742140 0.138553 0.091030
0.742140 0.138553 0.091030
0.742140 0.138553 0.091030
0.742140 0.138553 0.091030
0.742140 0.138553 0.091030
0.742140 0.138553 0.091030
0.742140 0.138553 0.091030
0.746443 0.137320 0.090618
0.746443 0.137320 0.090618
0.746443 0.137320 0.090618
0.746443 0.137320 0.090618
0.746443 0.137320 0.090618
0.746443 0.137320 0.090618
0.746443 0.137320 0.090618
0.746443 0.137320 0.090618
0.746443 0.137320 0.090618
0.746443 0.137320 0.090618
0.746443 0.137320 0.090618
0.746443 0.137320 0.090618
0.746443 0.137320 0.090618
0.746443 0.137320 0.090618
0.746443 0.137320 0.090618
0.746443 0.137320 0.090618
0.746443 0.137320 0.090618
0.746443 0.137320 0.090618
0.746443 0.137320 0.090618
0.746443 0.137320 0.090618
0.746443 0.137320 0.090618
0.746443 0.137320 0.090618
0.746443 0.137320 0.090618
0.746443 0.137320 0.090618
0.746443 0.137320 0.090618
0.746443 0.137320 0.090618
0.746443 0.137320 0.090618
0.746443 0.137320 0.090618
0.746443 0.137320 0.090618
0.746443 0.137320 0.090618
0.746443 0.137320 0.090618
0.746443 0.137320 0.090618
0.746443 0.137320 0.090618
0.746443 0.137320 0.090618
0.746443 0.137320 0.090618
0.746443 0.137320 0.090618
0.746443 0.137320 0.090618
0.746443 0.137320 0.090618
0.746443 0.137320 0.090618
0.746443 0.137320 0.090618
0.746443 0.137320 0.090618
0.746443 0.137320 0.090618
0.746443 0.137320 0.090618
0.746443 0.137320 0.090618
0.746443 0.137320 0.090618
0.746443 0.137320 0.090618
0.746443 0.137320 0.090618
0.746443 0.137320 0.090618
0.746443 0.137320 0.090618
0.746443 0.137320 0.090618
0.746443 0.137320 0.090618
0.746443 0.137320 0.090618
0.746443 0.137320 0.090618
0.746443 0.137320 0.090618
0.746443 0.137320 0.090618
0.746443 0.137320 0.090618
0.746443 0.137320 0.090618
0.746443 0.137320 0.090618
0.746443 0.137320 0.090618
0.746443 0.137320 0.090618
0.746443 0.137320 0.090618
0.746443 0.137320 0.090618
0.746443 0.137320 0.090618
0.746443 0.137320 0.090618
0.746443 0.137320 0.090618
0.746443 0.137320 0.090618
0.746443 0.137320 0.090618
0.746443 0.137320 0.090618
0.746443 0.137320 0.090618
0.746443 0.137320 0.090618
0.746443 0.137320 0.090618
0.746443 0.137320 0.090618
0.746443 0.137320 0.090618
0.746443 0.137320 0.090618
0.746443 0.137320 0.090618
0.746443 0.137320 0.090618
0.746443 0.137320 0.090618
0.746443 0.137320 0.090618
0.746443 0.137320 0.090618
0.746443 0.137320 0.090618
0.746443 0.137320 0.090618
0.746443 0.137320 0.090618
0.746443 0.137320 0.090618
0.746443 0.137320 0.090618
0.746443 0.137320 0.090618
0.746443 0.137320 0.090618
0.746443 0.137320 0.090618
0.746443 0.137320 0.090618
0.746443 0.137320 0.090618
0.746443 0.137320 0.090618
0.746443 0.137320 0.090618
0.746443 0.137320 0.090618
0.746443 0.137320 0.090618
0.746443 0.137320 0.090618
0.746443 0.137320 0.090618
0.746443 0.137320 0.090618
0.746443 0.137320 0.090618
0.746443 0.137320 0.090618
0.746443 0.137320 0.090618
0.746443 0.137320 0.090618
0.746443 0.137320 0.090618
0.746443 0.137320 0.090618
0.746443 0.137320 0.090618
0.746443 0.137320 0.090618
0.746443 0.137320 0.090618
0.746443 0.137320 0.090618
0.746443 0.137320 0.090618
0.746443 0.137320 0.090618
0.746443 0.137320 0.090618
0.746443 0.137320 0.090618
0.746443 0.137320 0.090618
0.746443 0.137320 0.090618
0.746443 0.137320 0.090618
0.746443 0.137320 0.090618
0.746443 0.137320 0.090618
0.746443 0.137320 0.090618
0.746443 0.137320 0.090618
0.746443 0.137320 0.090618
0.746443 0.137320 0.090618
0.746443 0.137320 0.090618
0.746443 0.137320 0.090618
0.746443 0.137320 0.090618
0.746443 0.137320 0.090618
0.746443 0.137320 0.090618
0.746443 0.137320 0.090618
0.746443 0.137320 0.090618
0.746443 0.137320 0.090618
0.746443 0.137320 0.090618
0.746443 0.137320 0.090618
0.746443 0.137320 0.090618
0.742140 0.138553 0.091030
0.742140 0.138553 0.091030
0.742140 0.138553 0.091030
0.742140 0.138553 0.091030
0.742140 0.138553 0.091030
0.742140 0.138553 0.091030
0.742140 0.138553 0.091030
0.742140 0.138553 0.091030
0.742140 0.138553 0.091030
0.742140 0.138553 0.091030
0.746443 0.137320 0.090618
0.746443 0.137320 0.090618
0.746443 0.137320 0.090618
0.746443 0.137320 0.090618
0.746443 0.137320 0.090618
0.746443 0.137320 0.090618
0.746443 0.137320 0.090618
0.746443 0.137320 0.090618
0.746443 0.137320 0.090618
0.746443 0.137320 0.090618
0.746443 0.137320 0.090618
0.746443 0.137320 0.090618
0.746443 0.137320 0.090618
0.746443 0.137320 0.090618
0.746443 0.137320 0.090618
0.746443 0.137320 0.090618
0.746443 0.137320 0.090618
0.742140 0.138553 0.091030
0.742140 0.138553 0.091030
0.742140 0.138553 0.091030
0.742140 0.138553 0.091030
0.742140 0.138553 0.091030
0.742140 0.138553 0.091030
0.746443 0.137320 0.090618
0.746443 0.137320 0.090618
0.746443 0.137320 0.090618
0.746443 0.137320 0.090618
0.746443 0.137320 0.090618
0.746443 0.137320 0.090618
0.746443 0.137320 0.090618
0.746443 0.137320 0.090618
0.746443 0.137320 0.090618
0.746443 0.137320 0.090618
0.746443 0.137320 0.090618
0.746443 0.137320 0.090618
0.746443 0.137320 0.090618
0.746443 0.137320 0.090618
0.746443 0.137320 0.090618
0.746443 0.137320 0.090618
0.746443 0.137320 0.090618
0.746443 0.137320 0.090618
0.746443 0.137320 0.090618
0.746443 0.137320 0.090618
0.746443 0.137320 0.090618
0.746443 0.137320 0.090618
0.746443 0.137320 0.090618
0.746443 0.137320 0.090618
0.746443 0.137320 0.090618
0.746443 0.137320 0.090618
0.746443 0.137320 0.090618
0.746443 0.137320 0.090618
0.746443 0.137320 0.090618
0.746443 0.137320 0.090618
0.742140 0.138553 0.091030
0.742140 0.138553 0.091030
0.742140 0.138553 0.091030
0.742140 0.138553 0.091030
0.742140 0.138553 0.091030
0.742140 0.138553 0.091030
0.742140 0.138553 0.091030
0.746443 0.137320 0.090618
0.746443 0.137320 0.090618
0.746443 0.137320 0.090618
0.746443 0.137320 0.090618
0.746443 0.137320 0.090618
0.746443 0.137320 0.090618
0.746443 0.137320 0.090618
0.746443 0.137320 0.090618
0.746443 0.137320 0.090618
0.746443 0.137320 0.090618
0.746443 0.137320 0.090618
0.746443 0.137320 0.090618
0.746443 0.137320 0.090618
0.746443 0.137320 0.090618
0.746443 0.137320 0.090618
0.746443 0.137320 0.090618
0.746443 0.137320 0.090618
0.746443 0.137320 0.090618
0.746443 0.137320 0.090618
0.746443 0.137320 0.090618
0.746443 0.137320 0.090618
0.746443 0.137320 0.090618
0.746443 0.137320 0.090618
0.746443 0.137320 0.090618
0.746443 0.137320 0.090618
0.746443 0.137320 0.090618
0.746443 0.137320 0.090618
0.746443 0.137320 0.090618
0.746443 0.137320 0.090618
0.746443 0.137320 0.090618
0.746443 0.137320 0.090618
0.746443 0.137320 0.090618
0.746443 0.137320 0.090618
0.746443 0.137320 0.090618
0.746443 0.137320 0.090618
0.746443 0.137320 0.090618
0.746443 0.137320 0.090618
0.746443 0.137320 0.090618
0.746443 0.137320 0.090618
0.746443 0.137320 0.090618
0.746443 0.137320 0.090618
0.746443 0.137320 0.090618
0.746443 0.137320 0.090618
0.746443 0.137320 0.090618
0.746443 0.137320 0.090618
0.746443 0.137320 0.090618
0.746443 0.137320 0.090618
0.746443 0.137320 0.090618
0.746443 0.137320 0.090618
0.746443 0.137320 0.090618
0.746443 0.137320 0.090618
0.746443 0.137320 0.090618
0.746443 0.137320 0.090618
0.746443 0.137320 0.090618
0.746443 0.137320 0.090618
0.746443 0.137320 0.090618
0.746443 0.137320 0.090618
0.746443 0.137320 0.090618
0.746443 0.137320 0.090618
0.746443 0.137320 0.090618
0.746443 0.137320 0.090618
0.746443 0.137320 0.090618
0.746443 0.137320 0.090618
0.746443 0.137320 0.090618
0.746443 0.137320 0.090618
0.746443 0.137320 0.090618
0.746443 0.137320 0.090618
0.746443 0.137320 0.090618
0.746443 0.137320 0.090618
0.746443 0.137320 0.090618
0.746443 0.137320 0.090618
0.746443 0.137320 0.090618
0.746443 0.137320 0.090618
0.746443 0.137320 0.090618
0.746443 0.137320 0.090618
0.746443 0.137320 0.090618
0.746443 0.137320 0.090618
0.746443 0.137320 0.090618
0.746443 0.137320 0.090618
0.746443 0.137320 0.090618
0.746443 0.137320 0.090618
0.746443 0.137320 0.090618
0.746443 0.137320 0.090618
0.746443 0.137320 0.090618
0.746443 0.137320 0.090618
0.746443 0.137320 0.090618
0.746443 0.137320 0.090618
0.746443 0.137320 0.090618
0.746443 0.137320 0.090618
0.746443 0.137320 0.090618
0.746443 0.137320 0.090618
0.746443 0.137320 0.090618
0.746443 0.137320 0.090618
0.746443 0.137320 0.090618
0.746443 0.137320 0.090618
0.746443 0.137320 0.090618
0.746443 0.137320 0.090618
0.746443 0.137320 0.090618
0.746443 0.137320 0.090618
0.746443 0.137320 0.090618
0.742140 0.138553 0.091030
0.742140 0.138553 0.091030
0.742140 0.138553 0.091030
0.746443 0.137320 0.090618
0.746443 0.137320 0.090618
0.746443 0.137320 0.090618
0.746443 0.137320 0.090618
0.746443 0.137320 0.090618
0.746443 0.137320 0.090618
0.746443 0.137320 0.090618
0.746443 0.137320 0.090618
0.746443 0.137320 0.090618
0.746443 0.137320 0.090618
0.746443 0.137320 0.090618
0.746443 0.137320 0.090618
0.746443 0.137320 0.090618
