 -0.038076  -0.679996  -1.533976   0.038167   0.040764  -0.699912   0.712043
  0.060529  -0.568915  -1.722680   0.120353   0.023736  -0.620964   0.774181
  0.183907  -0.815665  -1.692370   0.150248   0.277793  -0.659782   0.681868
  0.092650  -0.461731  -1.447914  -0.114848  -0.011551   0.818626  -0.562609
 -0.068314  -0.758997  -1.390705   0.064617  -0.048463   0.711815  -0.697708
 -0.283445  -0.606880  -1.270974   0.148156   0.096768  -0.640375   0.747399
 -0.136902  -0.814209  -1.016160   0.139468   0.242066  -0.564774   0.776520
 -0.057022  -0.577981  -0.606452  -0.307049  -0.340537   0.667275  -0.586941
  0.632744  -0.601830  -0.570881   0.730088   0.558758  -0.330246   0.213775
  0.517697  -0.768656  -0.590564   0.515783   0.553081  -0.408675   0.510934
  0.024046  -0.551406  -0.576669   0.486485   0.496334  -0.350426   0.627843
 -0.074034  -0.850186  -0.699611  -0.413372  -0.471158   0.662907  -0.409496
 -0.246929  -0.509705  -1.050454  -0.393452  -0.323918   0.640968  -0.573963
 -0.311040  -0.790844  -1.393382   0.338318   0.127194  -0.637747   0.680178
 -0.256400  -0.944436  -1.620093   0.333293   0.231913  -0.528647   0.745429
 -0.069278  -0.669834  -1.649893   0.296198   0.201749  -0.636013   0.683412
  0.299201  -0.724450  -1.793788  -0.132228  -0.108736   0.730556  -0.661045
  0.464244  -0.562886  -1.974234   0.109329   0.218430   0.686768  -0.684606
 -0.010488  -0.761114  -1.598785   0.162342   0.207906   0.796166  -0.544555
 -0.078055  -0.714847  -1.186667   0.051435   0.056332  -0.633099   0.770303
  0.074252  -0.541292  -0.743633  -0.166284  -0.031585   0.706240  -0.687442
  0.305705  -0.780483  -0.591287   0.204177   0.350859  -0.581596   0.704951
  0.108204  -0.659034  -0.421955   0.328281   0.581707  -0.524496   0.527970
 -0.083543  -0.517485  -0.802883   0.450238   0.566792  -0.458255   0.515786
 -0.016736  -0.685497  -1.250671   0.565001   0.547605  -0.381471   0.485163
 -0.127900  -0.885491  -1.561368   0.278128   0.468256  -0.507548   0.667665
 -0.090387  -0.707210  -1.379343  -0.238464  -0.227511   0.674122  -0.661009
 -0.038468  -0.683272  -1.541525   0.037615   0.040538  -0.701590   0.710431
