  0.516829  -0.248739   0.156827   3.135022  -0.015738  -1.827885   0.000000
  0.530513  -0.238101   0.065982   3.147513   0.154662  -1.823196   0.000000
  0.650374  -0.101711   0.093942   3.136727   0.022838  -1.864731   0.000000
  0.754947   0.008752   0.094629   3.100126  -0.104198  -1.927305   0.000000
  0.826096   0.062555   0.082142   3.070967  -0.260228  -2.013482   0.000000
  0.770470   0.111418   0.082454   3.086555  -0.271804  -2.048304   0.000000
  0.705678   0.048221   0.095664   3.124271  -0.081758  -2.132890   0.000000
  0.546096  -0.150626   0.089325   3.146210   0.101678  -2.136434   0.000000
  0.552481   0.022488   0.107261   3.081544   0.025713  -2.074875   0.000000
  0.655498   0.105835   0.102030   3.073574  -0.129204  -2.063668   0.000000
  0.716168   0.166042   0.085802   3.025745  -0.266400  -2.010897   0.000000
  0.642897   0.239809   0.091553   3.003056  -0.285312  -2.011631   0.000000
  0.558938   0.146483   0.116860   3.011137  -0.060008  -2.099911   0.000000
  0.497135   0.238679   0.119946   3.024434  -0.139061  -2.103207   0.000000
  0.578179   0.294577   0.093930   3.029797  -0.288097  -2.048013   0.000000
  0.811763   0.074875   0.085809   3.018423  -0.225240  -1.925135   0.000000
  0.717655  -0.000705   0.096359   3.088581  -0.029356  -1.955699   0.000000
  0.581067  -0.166222   0.085478   3.130483   0.102508  -1.941495   0.000000
  0.564022  -0.162870   0.180678   3.112919  -0.043152  -1.798996   0.000000
